10.0	1.52587890625e-05
10.0	1.52587890625e-05
10.0	1.52587890625e-05
10.0	1.52587890625e-05
10.0	1.52587890625e-05
10.0	1.52587890625e-05
10.0	1.52587890625e-05
10.0	1.52587890625e-05
10.0	1.52587890625e-05
10.0	1.52587890625e-05
9.0	1.52587890625e-05
9.0	1.52587890625e-05
9.0	1.52587890625e-05
9.0	1.52587890625e-05
18.0	1.52587890625e-05
18.0	1.52587890625e-05
18.0	1.52587890625e-05
18.0	1.52587890625e-05
17.0	1.52587890625e-05
17.0	1.52587890625e-05
17.0	1.52587890625e-05
17.0	1.52587890625e-05
17.0	1.52587890625e-05
17.0	1.52587890625e-05
17.0	1.52587890625e-05
32.0	1.52587890625e-05
32.0	1.52587890625e-05
32.0	1.52587890625e-05
32.0	1.52587890625e-05
32.0	1.52587890625e-05
32.0	1.52587890625e-05
32.0	1.52587890625e-05
31.0	1.52587890625e-05
31.0	0.0001220703125
35.0	3.0517578125e-05
36.0	1.52587890625e-05
35.0	1.52587890625e-05
35.0	1.52587890625e-05
35.0	1.52587890625e-05
35.0	1.52587890625e-05
31.0	0.0001220703125
42.0	9.1552734375e-05
41.0	9.1552734375e-05
41.0	9.1552734375e-05
46.0	7.62939453125e-05
46.0	7.62939453125e-05
45.0	7.62939453125e-05
45.0	0.0009765625
49.0	0.0002593994140625
55.0	0.0001068115234375
51.0	6.103515625e-05
55.0	1.52587890625e-05
55.0	1.52587890625e-05
55.0	1.52587890625e-05
55.0	1.52587890625e-05
54.0	1.52587890625e-05
54.0	1.52587890625e-05
62.0	6.103515625e-05
62.0	6.103515625e-05
62.0	6.103515625e-05
62.0	6.103515625e-05
62.0	6.103515625e-05
61.0	6.103515625e-05
61.0	6.103515625e-05
63.0	0.0001373291015625
79.0	1.52587890625e-05
78.0	1.52587890625e-05
68.0	3.0517578125e-05
67.0	3.0517578125e-05
67.0	3.0517578125e-05
67.0	3.0517578125e-05
75.0	3.0517578125e-05
75.0	3.0517578125e-05
75.0	3.0517578125e-05
75.0	3.0517578125e-05
74.0	3.0517578125e-05
77.0	1.52587890625e-05
76.0	1.52587890625e-05
66.0	1.52587890625e-05
80.0	1.52587890625e-05
79.0	1.52587890625e-05
79.0	1.52587890625e-05
79.0	1.52587890625e-05
79.0	1.52587890625e-05
79.0	1.52587890625e-05
79.0	1.52587890625e-05
92.0	1.52587890625e-05
92.0	1.52587890625e-05
92.0	1.52587890625e-05
92.0	1.52587890625e-05
92.0	1.52587890625e-05
92.0	1.52587890625e-05
91.0	1.52587890625e-05
91.0	1.52587890625e-05
91.0	1.52587890625e-05
98.0	1.52587890625e-05
98.0	1.52587890625e-05
98.0	1.52587890625e-05
97.0	1.52587890625e-05
97.0	3.0517578125e-05
97.0	3.0517578125e-05
97.0	3.0517578125e-05
97.0	3.0517578125e-05
108.0	3.0517578125e-05
108.0	3.0517578125e-05
108.0	3.0517578125e-05
108.0	3.0517578125e-05
108.0	3.0517578125e-05
112.0	1.52587890625e-05
112.0	1.52587890625e-05
112.0	1.52587890625e-05
112.0	1.52587890625e-05
111.0	1.52587890625e-05
111.0	1.52587890625e-05
111.0	1.52587890625e-05
111.0	1.52587890625e-05
111.0	1.52587890625e-05
118.0	3.0517578125e-05
117.0	3.0517578125e-05
78.0	1.52587890625e-05
63.0	6.103515625e-05
56.0	1.52587890625e-05
46.0	7.62939453125e-05
124.0	0.0001220703125
32.0	1.52587890625e-05
32.0	1.52587890625e-05
127.0	1.52587890625e-05
126.0	1.52587890625e-05
127.0	9.1552734375e-05
163.0	0.00030517578125
136.0	3.0517578125e-05
134.0	3.0517578125e-05
134.0	3.0517578125e-05
134.0	3.0517578125e-05
133.0	3.0517578125e-05
161.0	0.0001220703125
130.0	3.0517578125e-05
144.0	3.0517578125e-05
144.0	3.0517578125e-05
144.0	3.0517578125e-05
144.0	3.0517578125e-05
144.0	3.0517578125e-05
144.0	3.0517578125e-05
144.0	3.0517578125e-05
143.0	3.0517578125e-05
143.0	3.0517578125e-05
143.0	3.0517578125e-05
143.0	3.0517578125e-05
149.0	1.52587890625e-05
148.0	1.52587890625e-05
148.0	1.52587890625e-05
148.0	1.52587890625e-05
148.0	1.52587890625e-05
148.0	1.52587890625e-05
157.0	3.0517578125e-05
157.0	3.0517578125e-05
157.0	3.0517578125e-05
156.0	3.0517578125e-05
160.0	3.0517578125e-05
160.0	3.0517578125e-05
159.0	3.0517578125e-05
162.0	6.103515625e-05
134.0	3.0517578125e-05
126.0	0.0001068115234375
32.0	1.52587890625e-05
49.0	0.0002593994140625
118.0	3.0517578125e-05
111.0	1.52587890625e-05
110.0	3.0517578125e-05
171.0	0.00030517578125
171.0	0.00030517578125
170.0	0.00030517578125
171.0	0.00048828125
178.0	0.0002593994140625
175.0	1.52587890625e-05
176.0	1.52587890625e-05
175.0	1.52587890625e-05
175.0	1.52587890625e-05
175.0	0.0001068115234375
189.0	0.0009613037109375
181.0	6.103515625e-05
194.0	3.0517578125e-05
194.0	3.0517578125e-05
194.0	3.0517578125e-05
194.0	3.0517578125e-05
194.0	3.0517578125e-05
194.0	3.0517578125e-05
194.0	3.0517578125e-05
194.0	3.0517578125e-05
194.0	1.52587890625e-05
188.0	6.103515625e-05
188.0	6.103515625e-05
188.0	6.103515625e-05
188.0	6.103515625e-05
189.0	1.52587890625e-05
196.0	1.52587890625e-05
195.0	1.52587890625e-05
198.0	1.52587890625e-05
197.0	1.52587890625e-05
197.0	1.52587890625e-05
202.0	1.52587890625e-05
202.0	1.52587890625e-05
201.0	1.52587890625e-05
201.0	1.52587890625e-05
203.0	3.0517578125e-05
714.0	1.52587890625e-05
714.0	1.52587890625e-05
714.0	1.52587890625e-05
714.0	1.52587890625e-05
710.0	3.0517578125e-05
214.0	1.52587890625e-05
214.0	1.52587890625e-05
214.0	1.52587890625e-05
214.0	1.52587890625e-05
215.0	1.52587890625e-05
214.0	1.52587890625e-05
214.0	1.52587890625e-05
897.0	0.0005035400390625
905.0	1.52587890625e-05
220.0	1.52587890625e-05
219.0	1.52587890625e-05
219.0	1.52587890625e-05
897.0	0.0005035400390625
645.0	3.0517578125e-05
639.0	1.52587890625e-05
989.0	1.52587890625e-05
1002.0	1.52587890625e-05
629.0	1.52587890625e-05
625.0	1.52587890625e-05
620.0	1.52587890625e-05
1255.0	3.0517578125e-05
1055.0	3.0517578125e-05
1055.0	3.0517578125e-05
608.0	1.52587890625e-05
595.0	1.52587890625e-05
595.0	1.52587890625e-05
595.0	1.52587890625e-05
586.0	1.52587890625e-05
239.0	3.0517578125e-05
586.0	1.52587890625e-05
586.0	1.52587890625e-05
586.0	1.52587890625e-05
567.0	3.0517578125e-05
573.0	6.103515625e-05
573.0	6.103515625e-05
565.0	1.52587890625e-05
563.0	1.52587890625e-05
272.0	1.52587890625e-05
511.0	6.103515625e-05
519.0	3.0517578125e-05
252.0	1.52587890625e-05
252.0	1.52587890625e-05
251.0	1.52587890625e-05
252.0	3.0517578125e-05
256.0	3.0517578125e-05
256.0	1.52587890625e-05
257.0	1.52587890625e-05
256.0	1.52587890625e-05
256.0	1.52587890625e-05
256.0	1.52587890625e-05
256.0	1.52587890625e-05
519.0	6.103515625e-05
519.0	3.0517578125e-05
519.0	3.0517578125e-05
511.0	0.0001220703125
511.0	6.103515625e-05
511.0	6.103515625e-05
506.0	1.52587890625e-05
267.0	9.1552734375e-05
502.0	0.001007080078125
272.0	1.52587890625e-05
310.0	1.52587890625e-05
273.0	1.52587890625e-05
272.0	1.52587890625e-05
276.0	1.52587890625e-05
276.0	1.52587890625e-05
275.0	1.52587890625e-05
278.0	1.52587890625e-05
277.0	1.52587890625e-05
277.0	1.52587890625e-05
277.0	1.52587890625e-05
277.0	1.52587890625e-05
286.0	1.52587890625e-05
286.0	1.52587890625e-05
286.0	1.52587890625e-05
286.0	1.52587890625e-05
285.0	1.52587890625e-05
285.0	1.52587890625e-05
291.0	1.52587890625e-05
291.0	1.52587890625e-05
291.0	1.52587890625e-05
290.0	1.52587890625e-05
290.0	1.52587890625e-05
290.0	1.52587890625e-05
290.0	1.52587890625e-05
290.0	1.52587890625e-05
290.0	1.52587890625e-05
290.0	1.52587890625e-05
305.0	1.52587890625e-05
305.0	1.52587890625e-05
305.0	1.52587890625e-05
305.0	1.52587890625e-05
305.0	1.52587890625e-05
305.0	1.52587890625e-05
305.0	1.52587890625e-05
304.0	1.52587890625e-05
307.0	6.103515625e-05
306.0	6.103515625e-05
310.0	3.0517578125e-05
310.0	3.0517578125e-05
313.0	1.52587890625e-05
313.0	1.52587890625e-05
313.0	1.52587890625e-05
312.0	1.52587890625e-05
312.0	1.52587890625e-05
312.0	1.52587890625e-05
312.0	1.52587890625e-05
312.0	1.52587890625e-05
312.0	1.52587890625e-05
312.0	1.52587890625e-05
327.0	1.52587890625e-05
327.0	1.52587890625e-05
327.0	1.52587890625e-05
327.0	1.52587890625e-05
327.0	1.52587890625e-05
327.0	1.52587890625e-05
327.0	1.52587890625e-05
326.0	1.52587890625e-05
326.0	1.52587890625e-05
328.0	3.0517578125e-05
307.0	6.103515625e-05
305.0	1.52587890625e-05
305.0	1.52587890625e-05
305.0	1.52587890625e-05
337.0	1.52587890625e-05
337.0	1.52587890625e-05
337.0	1.52587890625e-05
336.0	1.52587890625e-05
349.0	1.52587890625e-05
350.0	3.0517578125e-05
350.0	3.0517578125e-05
350.0	3.0517578125e-05
350.0	3.0517578125e-05
350.0	3.0517578125e-05
350.0	3.0517578125e-05
350.0	3.0517578125e-05
350.0	3.0517578125e-05
350.0	3.0517578125e-05
349.0	1.52587890625e-05
348.0	1.52587890625e-05
348.0	1.52587890625e-05
348.0	1.52587890625e-05
348.0	1.52587890625e-05
348.0	1.52587890625e-05
348.0	1.52587890625e-05
348.0	1.52587890625e-05
348.0	1.52587890625e-05
348.0	1.52587890625e-05
348.0	1.52587890625e-05
348.0	1.52587890625e-05
348.0	1.52587890625e-05
373.0	1.52587890625e-05
373.0	1.52587890625e-05
373.0	1.52587890625e-05
373.0	1.52587890625e-05
373.0	1.52587890625e-05
373.0	1.52587890625e-05
373.0	1.52587890625e-05
373.0	1.52587890625e-05
373.0	1.52587890625e-05
373.0	1.52587890625e-05
373.0	1.52587890625e-05
373.0	1.52587890625e-05
372.0	1.52587890625e-05
371.0	3.0517578125e-05
371.0	3.0517578125e-05
371.0	3.0517578125e-05
371.0	3.0517578125e-05
385.0	3.0517578125e-05
385.0	3.0517578125e-05
385.0	3.0517578125e-05
385.0	3.0517578125e-05
385.0	3.0517578125e-05
385.0	3.0517578125e-05
385.0	3.0517578125e-05
373.0	1.52587890625e-05
387.0	1.52587890625e-05
386.0	1.52587890625e-05
386.0	1.52587890625e-05
386.0	1.52587890625e-05
386.0	1.52587890625e-05
431.0	1.52587890625e-05
431.0	1.52587890625e-05
431.0	1.52587890625e-05
431.0	1.52587890625e-05
429.0	6.103515625e-05
398.0	3.0517578125e-05
400.0	1.52587890625e-05
400.0	1.52587890625e-05
400.0	1.52587890625e-05
399.0	1.52587890625e-05
399.0	1.52587890625e-05
399.0	1.52587890625e-05
399.0	1.52587890625e-05
399.0	1.52587890625e-05
399.0	1.52587890625e-05
399.0	1.52587890625e-05
399.0	1.52587890625e-05
399.0	1.52587890625e-05
419.0	1.52587890625e-05
419.0	1.52587890625e-05
419.0	1.52587890625e-05
419.0	1.52587890625e-05
419.0	1.52587890625e-05
419.0	1.52587890625e-05
419.0	1.52587890625e-05
419.0	1.52587890625e-05
419.0	1.52587890625e-05
419.0	1.52587890625e-05
418.0	1.52587890625e-05
418.0	1.52587890625e-05
418.0	1.52587890625e-05
418.0	1.52587890625e-05
418.0	1.52587890625e-05
423.0	3.0517578125e-05
423.0	3.0517578125e-05
429.0	6.103515625e-05
429.0	6.103515625e-05
429.0	6.103515625e-05
428.0	6.103515625e-05
431.0	1.52587890625e-05
432.0	1.52587890625e-05
431.0	1.52587890625e-05
431.0	1.52587890625e-05
431.0	1.52587890625e-05
431.0	1.52587890625e-05
431.0	1.52587890625e-05
431.0	1.52587890625e-05
431.0	1.52587890625e-05
431.0	1.52587890625e-05
431.0	1.52587890625e-05
431.0	1.52587890625e-05
431.0	1.52587890625e-05
431.0	1.52587890625e-05
457.0	1.52587890625e-05
457.0	1.52587890625e-05
457.0	1.52587890625e-05
457.0	1.52587890625e-05
457.0	1.52587890625e-05
457.0	1.52587890625e-05
457.0	1.52587890625e-05
457.0	1.52587890625e-05
457.0	1.52587890625e-05
457.0	1.52587890625e-05
457.0	1.52587890625e-05
457.0	1.52587890625e-05
457.0	1.52587890625e-05
456.0	1.52587890625e-05
456.0	1.52587890625e-05
456.0	1.52587890625e-05
456.0	1.52587890625e-05
465.0	1.52587890625e-05
465.0	1.52587890625e-05
465.0	1.52587890625e-05
465.0	1.52587890625e-05
464.0	1.52587890625e-05
464.0	1.52587890625e-05
464.0	1.52587890625e-05
464.0	1.52587890625e-05
464.0	1.52587890625e-05
464.0	1.52587890625e-05
464.0	1.52587890625e-05
464.0	1.52587890625e-05
482.0	1.52587890625e-05
482.0	1.52587890625e-05
482.0	1.52587890625e-05
482.0	1.52587890625e-05
482.0	1.52587890625e-05
482.0	1.52587890625e-05
482.0	1.52587890625e-05
482.0	1.52587890625e-05
482.0	1.52587890625e-05
481.0	1.52587890625e-05
481.0	1.52587890625e-05
486.0	1.52587890625e-05
486.0	1.52587890625e-05
485.0	1.52587890625e-05
485.0	1.52587890625e-05
485.0	1.52587890625e-05
485.0	1.52587890625e-05
485.0	1.52587890625e-05
485.0	1.52587890625e-05
485.0	1.52587890625e-05
485.0	1.52587890625e-05
429.0	6.103515625e-05
496.0	1.52587890625e-05
495.0	1.52587890625e-05
495.0	1.52587890625e-05
485.0	1.52587890625e-05
373.0	1.52587890625e-05
502.0	0.001007080078125
502.0	0.001007080078125
501.0	0.001007080078125
506.0	0.0001068115234375
506.0	1.52587890625e-05
506.0	1.52587890625e-05
505.0	1.52587890625e-05
505.0	1.52587890625e-05
511.0	6.103515625e-05
511.0	6.103515625e-05
511.0	6.103515625e-05
510.0	6.103515625e-05
511.0	0.0001220703125
521.0	0.0002288818359375
519.0	3.0517578125e-05
519.0	3.0517578125e-05
519.0	3.0517578125e-05
519.0	3.0517578125e-05
519.0	3.0517578125e-05
518.0	3.0517578125e-05
519.0	6.103515625e-05
513.0	0.0002288818359375
523.0	1.52587890625e-05
522.0	1.52587890625e-05
522.0	1.52587890625e-05
522.0	1.52587890625e-05
522.0	1.52587890625e-05
531.0	1.52587890625e-05
531.0	1.52587890625e-05
531.0	1.52587890625e-05
531.0	1.52587890625e-05
530.0	1.52587890625e-05
530.0	1.52587890625e-05
536.0	1.52587890625e-05
536.0	1.52587890625e-05
536.0	1.52587890625e-05
535.0	1.52587890625e-05
535.0	3.0517578125e-05
535.0	3.0517578125e-05
535.0	3.0517578125e-05
544.0	3.0517578125e-05
544.0	3.0517578125e-05
544.0	3.0517578125e-05
544.0	3.0517578125e-05
548.0	1.52587890625e-05
548.0	1.52587890625e-05
548.0	1.52587890625e-05
548.0	1.52587890625e-05
547.0	1.52587890625e-05
547.0	1.52587890625e-05
547.0	1.52587890625e-05
547.0	1.52587890625e-05
547.0	0.0002288818359375
554.0	3.0517578125e-05
553.0	3.0517578125e-05
511.0	0.0001220703125
511.0	6.103515625e-05
507.0	1.52587890625e-05
373.0	1.52587890625e-05
429.0	6.103515625e-05
485.0	1.52587890625e-05
485.0	1.52587890625e-05
485.0	1.52587890625e-05
246.0	1.52587890625e-05
246.0	1.52587890625e-05
245.0	1.52587890625e-05
565.0	0.0002593994140625
575.0	3.0517578125e-05
573.0	6.103515625e-05
573.0	6.103515625e-05
573.0	6.103515625e-05
573.0	6.103515625e-05
573.0	6.103515625e-05
572.0	6.103515625e-05
573.0	0.0001220703125
567.0	3.0517578125e-05
586.0	1.52587890625e-05
586.0	1.52587890625e-05
586.0	1.52587890625e-05
586.0	1.52587890625e-05
586.0	1.52587890625e-05
586.0	1.52587890625e-05
586.0	1.52587890625e-05
586.0	1.52587890625e-05
586.0	1.52587890625e-05
586.0	1.52587890625e-05
585.0	1.52587890625e-05
585.0	3.0517578125e-05
585.0	3.0517578125e-05
592.0	3.0517578125e-05
592.0	3.0517578125e-05
592.0	3.0517578125e-05
586.0	1.52587890625e-05
594.0	1.52587890625e-05
593.0	1.52587890625e-05
596.0	1.52587890625e-05
595.0	1.52587890625e-05
595.0	1.52587890625e-05
601.0	1.52587890625e-05
601.0	1.52587890625e-05
601.0	1.52587890625e-05
602.0	1.52587890625e-05
601.0	1.52587890625e-05
1055.0	3.0517578125e-05
608.0	1.52587890625e-05
608.0	1.52587890625e-05
608.0	1.52587890625e-05
608.0	1.52587890625e-05
607.0	1.52587890625e-05
1055.0	3.0517578125e-05
1055.0	3.0517578125e-05
1055.0	3.0517578125e-05
1055.0	3.0517578125e-05
1055.0	3.0517578125e-05
1055.0	3.0517578125e-05
1055.0	3.0517578125e-05
1055.0	3.0517578125e-05
601.0	1.52587890625e-05
1033.0	1.52587890625e-05
1034.0	1.52587890625e-05
621.0	1.52587890625e-05
622.0	1.52587890625e-05
621.0	1.52587890625e-05
1030.0	3.0517578125e-05
1312.0	3.0517578125e-05
228.0	1.52587890625e-05
1018.0	3.0517578125e-05
1018.0	1.52587890625e-05
1014.0	0.00018310546875
1009.0	1.52587890625e-05
631.0	6.103515625e-05
1386.0	1.52587890625e-05
1002.0	1.52587890625e-05
1002.0	1.52587890625e-05
633.0	3.0517578125e-05
633.0	3.0517578125e-05
989.0	1.52587890625e-05
989.0	1.52587890625e-05
989.0	1.52587890625e-05
641.0	1.52587890625e-05
641.0	1.52587890625e-05
640.0	1.52587890625e-05
640.0	1.52587890625e-05
640.0	1.52587890625e-05
640.0	3.0517578125e-05
646.0	3.0517578125e-05
645.0	3.0517578125e-05
956.0	1.52587890625e-05
955.0	7.62939453125e-05
682.0	1.52587890625e-05
671.0	0.0001373291015625
665.0	1.52587890625e-05
654.0	1.52587890625e-05
654.0	1.52587890625e-05
655.0	1.52587890625e-05
654.0	1.52587890625e-05
658.0	1.52587890625e-05
658.0	1.52587890625e-05
657.0	1.52587890625e-05
660.0	1.52587890625e-05
659.0	1.52587890625e-05
659.0	1.52587890625e-05
659.0	1.52587890625e-05
659.0	1.52587890625e-05
651.0	3.0517578125e-05
651.0	1.52587890625e-05
651.0	1.52587890625e-05
659.0	1.52587890625e-05
905.0	1.52587890625e-05
905.0	1.52587890625e-05
671.0	6.103515625e-05
670.0	6.103515625e-05
897.0	0.0005035400390625
754.0	1.52587890625e-05
714.0	1.52587890625e-05
714.0	1.52587890625e-05
682.0	1.52587890625e-05
682.0	1.52587890625e-05
682.0	1.52587890625e-05
682.0	1.52587890625e-05
682.0	1.52587890625e-05
682.0	1.52587890625e-05
681.0	1.52587890625e-05
681.0	1.52587890625e-05
681.0	1.52587890625e-05
689.0	1.52587890625e-05
689.0	1.52587890625e-05
689.0	1.52587890625e-05
689.0	1.52587890625e-05
688.0	1.52587890625e-05
688.0	1.52587890625e-05
688.0	1.52587890625e-05
688.0	1.52587890625e-05
688.0	1.52587890625e-05
688.0	1.52587890625e-05
688.0	1.52587890625e-05
688.0	1.52587890625e-05
688.0	1.52587890625e-05
688.0	1.52587890625e-05
688.0	1.52587890625e-05
688.0	1.52587890625e-05
688.0	1.52587890625e-05
688.0	1.52587890625e-05
688.0	1.52587890625e-05
688.0	1.52587890625e-05
688.0	1.52587890625e-05
688.0	1.52587890625e-05
688.0	1.52587890625e-05
688.0	1.52587890625e-05
688.0	1.52587890625e-05
711.0	3.0517578125e-05
710.0	3.0517578125e-05
714.0	1.52587890625e-05
714.0	1.52587890625e-05
713.0	1.52587890625e-05
717.0	1.52587890625e-05
717.0	1.52587890625e-05
716.0	1.52587890625e-05
716.0	1.52587890625e-05
716.0	1.52587890625e-05
716.0	1.52587890625e-05
716.0	1.52587890625e-05
716.0	1.52587890625e-05
716.0	1.52587890625e-05
731.0	1.52587890625e-05
731.0	1.52587890625e-05
731.0	1.52587890625e-05
731.0	1.52587890625e-05
731.0	1.52587890625e-05
731.0	1.52587890625e-05
731.0	1.52587890625e-05
732.0	1.52587890625e-05
731.0	1.52587890625e-05
734.0	3.0517578125e-05
733.0	3.0517578125e-05
688.0	1.52587890625e-05
688.0	1.52587890625e-05
688.0	1.52587890625e-05
742.0	3.0517578125e-05
742.0	3.0517578125e-05
742.0	3.0517578125e-05
742.0	3.0517578125e-05
754.0	1.52587890625e-05
754.0	1.52587890625e-05
754.0	1.52587890625e-05
754.0	1.52587890625e-05
754.0	1.52587890625e-05
754.0	1.52587890625e-05
754.0	1.52587890625e-05
754.0	1.52587890625e-05
754.0	1.52587890625e-05
754.0	1.52587890625e-05
754.0	1.52587890625e-05
754.0	1.52587890625e-05
753.0	1.52587890625e-05
753.0	1.52587890625e-05
753.0	1.52587890625e-05
753.0	1.52587890625e-05
753.0	1.52587890625e-05
753.0	1.52587890625e-05
753.0	1.52587890625e-05
753.0	1.52587890625e-05
753.0	1.52587890625e-05
753.0	1.52587890625e-05
774.0	1.52587890625e-05
774.0	1.52587890625e-05
774.0	1.52587890625e-05
774.0	1.52587890625e-05
774.0	1.52587890625e-05
774.0	1.52587890625e-05
774.0	1.52587890625e-05
774.0	1.52587890625e-05
774.0	1.52587890625e-05
774.0	1.52587890625e-05
773.0	1.52587890625e-05
773.0	1.52587890625e-05
773.0	1.52587890625e-05
773.0	1.52587890625e-05
773.0	1.52587890625e-05
773.0	1.52587890625e-05
787.0	1.52587890625e-05
787.0	1.52587890625e-05
787.0	1.52587890625e-05
787.0	1.52587890625e-05
787.0	1.52587890625e-05
787.0	1.52587890625e-05
787.0	1.52587890625e-05
786.0	1.52587890625e-05
786.0	3.0517578125e-05
786.0	3.0517578125e-05
786.0	3.0517578125e-05
786.0	3.0517578125e-05
786.0	3.0517578125e-05
830.0	1.52587890625e-05
830.0	1.52587890625e-05
830.0	1.52587890625e-05
797.0	3.0517578125e-05
796.0	3.0517578125e-05
799.0	1.52587890625e-05
798.0	1.52587890625e-05
801.0	1.52587890625e-05
800.0	1.52587890625e-05
800.0	1.52587890625e-05
800.0	1.52587890625e-05
800.0	1.52587890625e-05
800.0	1.52587890625e-05
800.0	1.52587890625e-05
800.0	1.52587890625e-05
800.0	1.52587890625e-05
800.0	1.52587890625e-05
820.0	1.52587890625e-05
820.0	1.52587890625e-05
820.0	1.52587890625e-05
820.0	1.52587890625e-05
820.0	1.52587890625e-05
820.0	1.52587890625e-05
820.0	1.52587890625e-05
820.0	1.52587890625e-05
820.0	1.52587890625e-05
820.0	1.52587890625e-05
819.0	1.52587890625e-05
819.0	1.52587890625e-05
824.0	1.52587890625e-05
824.0	1.52587890625e-05
823.0	1.52587890625e-05
823.0	1.52587890625e-05
823.0	1.52587890625e-05
829.0	3.0517578125e-05
829.0	3.0517578125e-05
828.0	3.0517578125e-05
831.0	1.52587890625e-05
830.0	1.52587890625e-05
830.0	1.52587890625e-05
830.0	1.52587890625e-05
830.0	1.52587890625e-05
830.0	1.52587890625e-05
830.0	1.52587890625e-05
830.0	1.52587890625e-05
830.0	1.52587890625e-05
830.0	1.52587890625e-05
830.0	1.52587890625e-05
830.0	1.52587890625e-05
830.0	1.52587890625e-05
830.0	1.52587890625e-05
830.0	1.52587890625e-05
830.0	1.52587890625e-05
830.0	1.52587890625e-05
830.0	1.52587890625e-05
865.0	1.52587890625e-05
865.0	1.52587890625e-05
865.0	1.52587890625e-05
865.0	1.52587890625e-05
865.0	1.52587890625e-05
865.0	1.52587890625e-05
865.0	1.52587890625e-05
865.0	1.52587890625e-05
865.0	1.52587890625e-05
865.0	1.52587890625e-05
865.0	1.52587890625e-05
865.0	1.52587890625e-05
865.0	1.52587890625e-05
865.0	1.52587890625e-05
865.0	1.52587890625e-05
865.0	1.52587890625e-05
865.0	1.52587890625e-05
864.0	1.52587890625e-05
864.0	1.52587890625e-05
864.0	1.52587890625e-05
864.0	1.52587890625e-05
864.0	1.52587890625e-05
864.0	1.52587890625e-05
877.0	1.52587890625e-05
877.0	1.52587890625e-05
877.0	1.52587890625e-05
877.0	1.52587890625e-05
877.0	1.52587890625e-05
877.0	1.52587890625e-05
876.0	1.52587890625e-05
876.0	1.52587890625e-05
876.0	1.52587890625e-05
876.0	1.52587890625e-05
876.0	1.52587890625e-05
876.0	1.52587890625e-05
876.0	1.52587890625e-05
876.0	1.52587890625e-05
876.0	1.52587890625e-05
876.0	1.52587890625e-05
876.0	1.52587890625e-05
876.0	1.52587890625e-05
876.0	1.52587890625e-05
829.0	3.0517578125e-05
823.0	1.52587890625e-05
823.0	1.52587890625e-05
823.0	1.52587890625e-05
895.0	1.52587890625e-05
894.0	1.52587890625e-05
897.0	0.0005035400390625
896.0	0.0005035400390625
899.0	6.103515625e-05
898.0	6.103515625e-05
898.0	6.103515625e-05
898.0	6.103515625e-05
898.0	6.103515625e-05
905.0	1.52587890625e-05
905.0	1.52587890625e-05
904.0	1.52587890625e-05
904.0	3.0517578125e-05
925.0	1.52587890625e-05
909.0	1.52587890625e-05
908.0	1.52587890625e-05
908.0	1.52587890625e-05
913.0	1.52587890625e-05
913.0	1.52587890625e-05
912.0	1.52587890625e-05
913.0	3.0517578125e-05
916.0	0.00018310546875
925.0	1.52587890625e-05
925.0	1.52587890625e-05
925.0	1.52587890625e-05
925.0	1.52587890625e-05
925.0	1.52587890625e-05
925.0	1.52587890625e-05
925.0	1.52587890625e-05
925.0	1.52587890625e-05
925.0	1.52587890625e-05
924.0	1.52587890625e-05
924.0	1.52587890625e-05
929.0	1.52587890625e-05
929.0	1.52587890625e-05
928.0	1.52587890625e-05
928.0	1.52587890625e-05
928.0	1.52587890625e-05
936.0	1.52587890625e-05
936.0	1.52587890625e-05
936.0	1.52587890625e-05
936.0	1.52587890625e-05
935.0	1.52587890625e-05
939.0	1.52587890625e-05
939.0	1.52587890625e-05
938.0	1.52587890625e-05
938.0	1.52587890625e-05
938.0	1.52587890625e-05
938.0	1.52587890625e-05
938.0	1.52587890625e-05
945.0	1.52587890625e-05
944.0	1.52587890625e-05
906.0	6.103515625e-05
905.0	1.52587890625e-05
898.0	6.103515625e-05
894.0	3.0517578125e-05
952.0	1.52587890625e-05
952.0	1.52587890625e-05
951.0	1.52587890625e-05
955.0	7.62939453125e-05
955.0	7.62939453125e-05
954.0	7.62939453125e-05
647.0	1.52587890625e-05
964.0	1.52587890625e-05
962.0	3.0517578125e-05
962.0	3.0517578125e-05
962.0	3.0517578125e-05
962.0	3.0517578125e-05
961.0	3.0517578125e-05
962.0	6.103515625e-05
957.0	1.52587890625e-05
966.0	1.52587890625e-05
965.0	1.52587890625e-05
965.0	1.52587890625e-05
965.0	1.52587890625e-05
965.0	1.52587890625e-05
975.0	1.52587890625e-05
975.0	1.52587890625e-05
975.0	1.52587890625e-05
975.0	1.52587890625e-05
975.0	1.52587890625e-05
974.0	1.52587890625e-05
974.0	1.52587890625e-05
980.0	1.52587890625e-05
980.0	1.52587890625e-05
980.0	1.52587890625e-05
979.0	1.52587890625e-05
979.0	3.0517578125e-05
989.0	1.52587890625e-05
989.0	1.52587890625e-05
989.0	1.52587890625e-05
989.0	1.52587890625e-05
989.0	1.52587890625e-05
989.0	1.52587890625e-05
989.0	1.52587890625e-05
988.0	1.52587890625e-05
1002.0	1.52587890625e-05
990.0	3.0517578125e-05
990.0	3.0517578125e-05
995.0	3.0517578125e-05
995.0	3.0517578125e-05
1002.0	1.52587890625e-05
1002.0	1.52587890625e-05
1002.0	1.52587890625e-05
1002.0	1.52587890625e-05
1002.0	1.52587890625e-05
1002.0	1.52587890625e-05
1002.0	1.52587890625e-05
1001.0	1.52587890625e-05
1573.0	4.57763671875e-05
1386.0	1.52587890625e-05
1004.0	6.103515625e-05
1004.0	6.103515625e-05
1004.0	6.103515625e-05
1371.0	0.0002593994140625
1365.0	1.52587890625e-05
1365.0	1.52587890625e-05
1362.0	1.52587890625e-05
1011.0	0.0001220703125
1355.0	1.52587890625e-05
1354.0	0.00018310546875
1350.0	3.0517578125e-05
1018.0	1.52587890625e-05
1018.0	1.52587890625e-05
1017.0	1.52587890625e-05
1017.0	1.52587890625e-05
1019.0	3.0517578125e-05
1019.0	3.0517578125e-05
1023.0	1.52587890625e-05
1024.0	1.52587890625e-05
1023.0	1.52587890625e-05
1023.0	1.52587890625e-05
1023.0	1.52587890625e-05
1023.0	1.52587890625e-05
1308.0	1.52587890625e-05
1308.0	1.52587890625e-05
1304.0	3.0517578125e-05
1055.0	3.0517578125e-05
1089.0	1.52587890625e-05
1049.0	1.52587890625e-05
1268.0	1.52587890625e-05
1037.0	1.52587890625e-05
1037.0	1.52587890625e-05
1036.0	1.52587890625e-05
1040.0	1.52587890625e-05
1040.0	1.52587890625e-05
1039.0	1.52587890625e-05
1039.0	1.52587890625e-05
1039.0	1.52587890625e-05
1039.0	1.52587890625e-05
1039.0	1.52587890625e-05
1268.0	1.52587890625e-05
1268.0	1.52587890625e-05
1268.0	1.52587890625e-05
1049.0	4.57763671875e-05
1033.0	1.52587890625e-05
1255.0	3.0517578125e-05
1255.0	3.0517578125e-05
1254.0	3.0517578125e-05
1116.0	1.52587890625e-05
1089.0	1.52587890625e-05
1108.0	1.52587890625e-05
1055.0	3.0517578125e-05
1055.0	3.0517578125e-05
1055.0	3.0517578125e-05
1055.0	3.0517578125e-05
1055.0	3.0517578125e-05
1055.0	3.0517578125e-05
1055.0	3.0517578125e-05
1055.0	3.0517578125e-05
1055.0	3.0517578125e-05
1055.0	3.0517578125e-05
1055.0	3.0517578125e-05
1055.0	3.0517578125e-05
1055.0	3.0517578125e-05
1055.0	3.0517578125e-05
1055.0	3.0517578125e-05
1087.0	3.0517578125e-05
1087.0	3.0517578125e-05
1087.0	3.0517578125e-05
1087.0	3.0517578125e-05
1087.0	3.0517578125e-05
1087.0	3.0517578125e-05
1087.0	3.0517578125e-05
1087.0	3.0517578125e-05
1087.0	3.0517578125e-05
1087.0	3.0517578125e-05
1087.0	3.0517578125e-05
1087.0	3.0517578125e-05
1087.0	3.0517578125e-05
1087.0	3.0517578125e-05
1087.0	3.0517578125e-05
1087.0	3.0517578125e-05
1108.0	1.52587890625e-05
1108.0	1.52587890625e-05
1090.0	1.52587890625e-05
1089.0	1.52587890625e-05
1089.0	1.52587890625e-05
1089.0	1.52587890625e-05
1089.0	1.52587890625e-05
1089.0	1.52587890625e-05
1089.0	1.52587890625e-05
1089.0	1.52587890625e-05
1089.0	1.52587890625e-05
1107.0	1.52587890625e-05
1107.0	1.52587890625e-05
1107.0	1.52587890625e-05
1107.0	1.52587890625e-05
1107.0	1.52587890625e-05
1107.0	1.52587890625e-05
1107.0	1.52587890625e-05
1107.0	1.52587890625e-05
1107.0	1.52587890625e-05
1106.0	1.52587890625e-05
1088.0	1.52587890625e-05
1088.0	3.0517578125e-05
1088.0	3.0517578125e-05
1116.0	1.52587890625e-05
1116.0	1.52587890625e-05
1116.0	1.52587890625e-05
1116.0	1.52587890625e-05
1116.0	1.52587890625e-05
1115.0	1.52587890625e-05
1115.0	1.52587890625e-05
1115.0	1.52587890625e-05
1115.0	1.52587890625e-05
1124.0	1.52587890625e-05
1124.0	1.52587890625e-05
1124.0	1.52587890625e-05
1124.0	1.52587890625e-05
1123.0	1.52587890625e-05
1123.0	1.52587890625e-05
1123.0	1.52587890625e-05
1123.0	1.52587890625e-05
1123.0	1.52587890625e-05
1123.0	1.52587890625e-05
1123.0	1.52587890625e-05
1123.0	1.52587890625e-05
1123.0	1.52587890625e-05
1123.0	1.52587890625e-05
1123.0	1.52587890625e-05
1146.0	1.52587890625e-05
1146.0	1.52587890625e-05
1146.0	1.52587890625e-05
1146.0	1.52587890625e-05
1146.0	1.52587890625e-05
1146.0	1.52587890625e-05
1146.0	1.52587890625e-05
1146.0	1.52587890625e-05
1146.0	1.52587890625e-05
1146.0	1.52587890625e-05
1146.0	1.52587890625e-05
1145.0	1.52587890625e-05
1145.0	1.52587890625e-05
1145.0	1.52587890625e-05
1145.0	1.52587890625e-05
1145.0	1.52587890625e-05
1156.0	1.52587890625e-05
1156.0	1.52587890625e-05
1156.0	1.52587890625e-05
1156.0	1.52587890625e-05
1156.0	1.52587890625e-05
1155.0	1.52587890625e-05
1155.0	1.52587890625e-05
1155.0	1.52587890625e-05
1155.0	1.52587890625e-05
1155.0	1.52587890625e-05
1164.0	3.0517578125e-05
1164.0	3.0517578125e-05
1164.0	3.0517578125e-05
1193.0	1.52587890625e-05
1166.0	1.52587890625e-05
1165.0	1.52587890625e-05
1165.0	1.52587890625e-05
1165.0	1.52587890625e-05
1165.0	1.52587890625e-05
1165.0	1.52587890625e-05
1165.0	1.52587890625e-05
1165.0	1.52587890625e-05
1165.0	1.52587890625e-05
1165.0	1.52587890625e-05
1165.0	1.52587890625e-05
1165.0	1.52587890625e-05
1189.0	1.52587890625e-05
1189.0	1.52587890625e-05
1189.0	1.52587890625e-05
1189.0	1.52587890625e-05
1189.0	1.52587890625e-05
1189.0	1.52587890625e-05
1189.0	1.52587890625e-05
1189.0	1.52587890625e-05
1189.0	1.52587890625e-05
1189.0	1.52587890625e-05
1189.0	1.52587890625e-05
1189.0	1.52587890625e-05
1188.0	1.52587890625e-05
1188.0	1.52587890625e-05
1193.0	1.52587890625e-05
1193.0	1.52587890625e-05
1192.0	1.52587890625e-05
1192.0	3.0517578125e-05
1192.0	3.0517578125e-05
1192.0	3.0517578125e-05
1192.0	3.0517578125e-05
1192.0	3.0517578125e-05
1192.0	3.0517578125e-05
1192.0	3.0517578125e-05
1192.0	3.0517578125e-05
1192.0	3.0517578125e-05
1192.0	3.0517578125e-05
1192.0	3.0517578125e-05
1192.0	3.0517578125e-05
1192.0	3.0517578125e-05
1192.0	3.0517578125e-05
1192.0	3.0517578125e-05
1192.0	3.0517578125e-05
1192.0	3.0517578125e-05
1192.0	3.0517578125e-05
1192.0	3.0517578125e-05
1192.0	3.0517578125e-05
1192.0	3.0517578125e-05
1192.0	3.0517578125e-05
1192.0	3.0517578125e-05
1192.0	3.0517578125e-05
1192.0	3.0517578125e-05
1192.0	3.0517578125e-05
1192.0	3.0517578125e-05
1192.0	3.0517578125e-05
1192.0	3.0517578125e-05
1192.0	3.0517578125e-05
1192.0	3.0517578125e-05
1192.0	3.0517578125e-05
1192.0	3.0517578125e-05
1192.0	3.0517578125e-05
1192.0	3.0517578125e-05
1192.0	3.0517578125e-05
1192.0	3.0517578125e-05
1192.0	3.0517578125e-05
1192.0	3.0517578125e-05
1192.0	3.0517578125e-05
1192.0	3.0517578125e-05
1192.0	3.0517578125e-05
1192.0	3.0517578125e-05
1192.0	3.0517578125e-05
1192.0	3.0517578125e-05
1192.0	3.0517578125e-05
1192.0	3.0517578125e-05
1192.0	3.0517578125e-05
1192.0	3.0517578125e-05
1192.0	3.0517578125e-05
1192.0	3.0517578125e-05
1192.0	3.0517578125e-05
1192.0	3.0517578125e-05
1192.0	3.0517578125e-05
1190.0	1.52587890625e-05
1190.0	1.52587890625e-05
1190.0	1.52587890625e-05
1155.0	1.52587890625e-05
1155.0	1.52587890625e-05
1052.0	0.0002288818359375
1052.0	3.0517578125e-05
1256.0	3.0517578125e-05
1255.0	3.0517578125e-05
1255.0	3.0517578125e-05
1255.0	3.0517578125e-05
1261.0	1.52587890625e-05
1261.0	1.52587890625e-05
1262.0	1.52587890625e-05
1261.0	1.52587890625e-05
1283.0	1.52587890625e-05
1268.0	1.52587890625e-05
1268.0	1.52587890625e-05
1268.0	1.52587890625e-05
1268.0	1.52587890625e-05
1269.0	1.52587890625e-05
1268.0	1.52587890625e-05
1271.0	9.1552734375e-05
1283.0	1.52587890625e-05
1283.0	1.52587890625e-05
1283.0	1.52587890625e-05
1283.0	1.52587890625e-05
1283.0	1.52587890625e-05
1283.0	1.52587890625e-05
1283.0	1.52587890625e-05
1283.0	1.52587890625e-05
1283.0	1.52587890625e-05
1283.0	1.52587890625e-05
1283.0	1.52587890625e-05
1283.0	1.52587890625e-05
1282.0	1.52587890625e-05
1282.0	1.52587890625e-05
1282.0	1.52587890625e-05
1289.0	1.52587890625e-05
1289.0	1.52587890625e-05
1289.0	1.52587890625e-05
1288.0	1.52587890625e-05
1288.0	1.52587890625e-05
1288.0	1.52587890625e-05
1295.0	1.52587890625e-05
1295.0	1.52587890625e-05
1295.0	1.52587890625e-05
1294.0	1.52587890625e-05
1268.0	1.52587890625e-05
1268.0	1.52587890625e-05
1262.0	1.52587890625e-05
1255.0	3.0517578125e-05
1155.0	1.52587890625e-05
1192.0	3.0517578125e-05
1192.0	3.0517578125e-05
1192.0	3.0517578125e-05
1306.0	3.0517578125e-05
1306.0	3.0517578125e-05
1305.0	3.0517578125e-05
1324.0	1.52587890625e-05
1309.0	1.52587890625e-05
1308.0	1.52587890625e-05
1312.0	1.52587890625e-05
1312.0	1.52587890625e-05
1311.0	1.52587890625e-05
1312.0	3.0517578125e-05
1324.0	1.52587890625e-05
1324.0	1.52587890625e-05
1324.0	1.52587890625e-05
1324.0	1.52587890625e-05
1324.0	1.52587890625e-05
1324.0	1.52587890625e-05
1324.0	1.52587890625e-05
1324.0	1.52587890625e-05
1324.0	1.52587890625e-05
1324.0	1.52587890625e-05
1323.0	1.52587890625e-05
1323.0	1.52587890625e-05
1328.0	1.52587890625e-05
1328.0	1.52587890625e-05
1327.0	1.52587890625e-05
1327.0	1.52587890625e-05
1338.0	3.0517578125e-05
1338.0	3.0517578125e-05
1338.0	3.0517578125e-05
1338.0	3.0517578125e-05
1338.0	3.0517578125e-05
1338.0	3.0517578125e-05
1338.0	3.0517578125e-05
1338.0	1.52587890625e-05
1337.0	1.52587890625e-05
1337.0	1.52587890625e-05
1342.0	1.52587890625e-05
1342.0	1.52587890625e-05
1341.0	1.52587890625e-05
1341.0	1.52587890625e-05
1341.0	1.52587890625e-05
1341.0	1.52587890625e-05
1341.0	1.52587890625e-05
1341.0	1.52587890625e-05
1340.0	3.0517578125e-05
1350.0	9.1552734375e-05
1015.0	3.0517578125e-05
1015.0	3.0517578125e-05
1015.0	3.0517578125e-05
1354.0	0.00018310546875
1353.0	0.00018310546875
1356.0	1.52587890625e-05
1355.0	1.52587890625e-05
1356.0	0.003021240234375
1359.0	0.0005035400390625
1363.0	0.0002288818359375
1362.0	1.52587890625e-05
1362.0	1.52587890625e-05
1363.0	1.52587890625e-05
1362.0	1.52587890625e-05
1362.0	1.52587890625e-05
1366.0	1.52587890625e-05
1365.0	1.52587890625e-05
1365.0	1.52587890625e-05
1365.0	1.52587890625e-05
1365.0	1.52587890625e-05
1369.0	6.103515625e-05
1365.0	0.0001068115234375
1369.0	6.103515625e-05
1371.0	0.0002593994140625
1424.0	1.52587890625e-05
1389.0	1.52587890625e-05
1386.0	1.52587890625e-05
1376.0	6.103515625e-05
1376.0	6.103515625e-05
1376.0	6.103515625e-05
1376.0	6.103515625e-05
1376.0	6.103515625e-05
1387.0	6.103515625e-05
1387.0	6.103515625e-05
1387.0	6.103515625e-05
1387.0	6.103515625e-05
1387.0	1.52587890625e-05
1386.0	1.52587890625e-05
1386.0	1.52587890625e-05
1390.0	1.52587890625e-05
1389.0	1.52587890625e-05
1573.0	4.57763671875e-05
1572.0	0.0001220703125
1445.0	1.52587890625e-05
1396.0	3.0517578125e-05
1424.0	1.52587890625e-05
1424.0	1.52587890625e-05
1424.0	1.52587890625e-05
1424.0	1.52587890625e-05
1424.0	1.52587890625e-05
1424.0	1.52587890625e-05
1424.0	1.52587890625e-05
1424.0	1.52587890625e-05
1424.0	1.52587890625e-05
1424.0	1.52587890625e-05
1424.0	1.52587890625e-05
1424.0	1.52587890625e-05
1424.0	1.52587890625e-05
1424.0	1.52587890625e-05
1424.0	1.52587890625e-05
1424.0	1.52587890625e-05
1424.0	1.52587890625e-05
1424.0	1.52587890625e-05
1424.0	1.52587890625e-05
1424.0	1.52587890625e-05
1424.0	1.52587890625e-05
1424.0	1.52587890625e-05
1424.0	1.52587890625e-05
1424.0	1.52587890625e-05
1424.0	1.52587890625e-05
1424.0	1.52587890625e-05
1424.0	1.52587890625e-05
1424.0	1.52587890625e-05
1424.0	1.52587890625e-05
1423.0	1.52587890625e-05
1422.0	3.0517578125e-05
1422.0	3.0517578125e-05
1422.0	3.0517578125e-05
1422.0	3.0517578125e-05
1422.0	3.0517578125e-05
1422.0	3.0517578125e-05
1422.0	3.0517578125e-05
1422.0	3.0517578125e-05
1443.0	3.0517578125e-05
1443.0	3.0517578125e-05
1443.0	3.0517578125e-05
1443.0	3.0517578125e-05
1443.0	3.0517578125e-05
1443.0	3.0517578125e-05
1443.0	3.0517578125e-05
1443.0	3.0517578125e-05
1443.0	3.0517578125e-05
1424.0	1.52587890625e-05
1424.0	1.52587890625e-05
1424.0	1.52587890625e-05
1448.0	1.52587890625e-05
1448.0	1.52587890625e-05
1448.0	1.52587890625e-05
1447.0	1.52587890625e-05
1447.0	1.52587890625e-05
1447.0	1.52587890625e-05
1447.0	1.52587890625e-05
1447.0	1.52587890625e-05
1447.0	1.52587890625e-05
1447.0	1.52587890625e-05
1447.0	1.52587890625e-05
1447.0	1.52587890625e-05
1447.0	1.52587890625e-05
1447.0	1.52587890625e-05
1447.0	1.52587890625e-05
1447.0	1.52587890625e-05
1447.0	1.52587890625e-05
1447.0	1.52587890625e-05
1447.0	1.52587890625e-05
1447.0	1.52587890625e-05
1447.0	1.52587890625e-05
1447.0	1.52587890625e-05
1486.0	1.52587890625e-05
1486.0	1.52587890625e-05
1486.0	1.52587890625e-05
1486.0	1.52587890625e-05
1486.0	1.52587890625e-05
1486.0	1.52587890625e-05
1486.0	1.52587890625e-05
1486.0	1.52587890625e-05
1486.0	1.52587890625e-05
1486.0	1.52587890625e-05
1486.0	1.52587890625e-05
1486.0	1.52587890625e-05
1486.0	1.52587890625e-05
1486.0	1.52587890625e-05
1486.0	1.52587890625e-05
1486.0	1.52587890625e-05
1486.0	1.52587890625e-05
1486.0	1.52587890625e-05
1486.0	1.52587890625e-05
1485.0	1.52587890625e-05
1485.0	1.52587890625e-05
1485.0	1.52587890625e-05
1516.0	1.52587890625e-05
1516.0	1.52587890625e-05
1516.0	1.52587890625e-05
1516.0	1.52587890625e-05
1491.0	3.0517578125e-05
1491.0	3.0517578125e-05
1491.0	3.0517578125e-05
1491.0	3.0517578125e-05
1491.0	3.0517578125e-05
1491.0	3.0517578125e-05
1491.0	3.0517578125e-05
1491.0	3.0517578125e-05
1491.0	3.0517578125e-05
1491.0	3.0517578125e-05
1491.0	3.0517578125e-05
1491.0	3.0517578125e-05
1519.0	3.0517578125e-05
1519.0	3.0517578125e-05
1519.0	3.0517578125e-05
1519.0	3.0517578125e-05
1519.0	3.0517578125e-05
1519.0	3.0517578125e-05
1519.0	3.0517578125e-05
1519.0	3.0517578125e-05
1519.0	3.0517578125e-05
1519.0	3.0517578125e-05
1519.0	3.0517578125e-05
1518.0	1.52587890625e-05
1518.0	1.52587890625e-05
1517.0	1.52587890625e-05
1517.0	1.52587890625e-05
1517.0	1.52587890625e-05
1517.0	1.52587890625e-05
1517.0	1.52587890625e-05
1517.0	1.52587890625e-05
1517.0	1.52587890625e-05
1517.0	1.52587890625e-05
1517.0	1.52587890625e-05
1517.0	1.52587890625e-05
1517.0	1.52587890625e-05
1517.0	1.52587890625e-05
1517.0	1.52587890625e-05
1517.0	1.52587890625e-05
1517.0	1.52587890625e-05
1517.0	1.52587890625e-05
1517.0	1.52587890625e-05
1517.0	1.52587890625e-05
1517.0	1.52587890625e-05
1517.0	1.52587890625e-05
1517.0	1.52587890625e-05
1517.0	1.52587890625e-05
1517.0	1.52587890625e-05
1517.0	1.52587890625e-05
1517.0	1.52587890625e-05
1517.0	1.52587890625e-05
1517.0	1.52587890625e-05
1517.0	1.52587890625e-05
1517.0	1.52587890625e-05
1517.0	1.52587890625e-05
1517.0	1.52587890625e-05
1517.0	1.52587890625e-05
1517.0	1.52587890625e-05
1517.0	1.52587890625e-05
1517.0	1.52587890625e-05
1517.0	1.52587890625e-05
1517.0	1.52587890625e-05
1517.0	1.52587890625e-05
1517.0	1.52587890625e-05
1517.0	1.52587890625e-05
1517.0	1.52587890625e-05
1517.0	1.52587890625e-05
1517.0	1.52587890625e-05
1517.0	1.52587890625e-05
1517.0	1.52587890625e-05
1517.0	1.52587890625e-05
1517.0	1.52587890625e-05
1517.0	1.52587890625e-05
1517.0	1.52587890625e-05
1566.0	3.0517578125e-05
1566.0	3.0517578125e-05
1566.0	3.0517578125e-05
1488.0	1.52587890625e-05
1488.0	1.52587890625e-05
1392.0	0.0001220703125
1574.0	4.57763671875e-05
1573.0	4.57763671875e-05
1573.0	4.57763671875e-05
1573.0	4.57763671875e-05
1579.0	1.52587890625e-05
1579.0	1.52587890625e-05
1580.0	1.52587890625e-05
1579.0	1.52587890625e-05
1582.0	1.52587890625e-05
1581.0	1.52587890625e-05
1581.0	1.52587890625e-05
1586.0	1.52587890625e-05
1586.0	1.52587890625e-05
1585.0	1.52587890625e-05
1585.0	6.103515625e-05
1585.0	6.103515625e-05
1585.0	6.103515625e-05
1585.0	6.103515625e-05
1585.0	6.103515625e-05
1585.0	6.103515625e-05
1585.0	6.103515625e-05
1585.0	6.103515625e-05
1585.0	6.103515625e-05
1585.0	6.103515625e-05
1585.0	6.103515625e-05
1585.0	6.103515625e-05
1585.0	6.103515625e-05
