-3.867838809288423
-3.867743350537033
-3.8676478917856434
-3.8675524330342537
-3.8674569742828635
-3.867361515531474
-3.867266056780084
-3.8671705980286943
-3.8670751392773046
-3.866979680525915
-3.8668842217745247
-3.866788763023135
-3.8666933042717453
-3.8665978455203556
-3.866502386768966
-3.866406928017576
-3.866311469266186
-3.8662160105147962
-3.8661205517634065
-3.866025093012017
-3.865929634260627
-3.8658341755092374
-3.865738716757847
-3.8656432580064575
-3.8655477992550678
-3.865452340503678
-3.8653568817522883
-3.8652614230008986
-3.8651659642495084
-3.8650705054981187
-3.864975046746729
-3.8648795879953393
-3.8647841292439495
-3.86468867049256
-3.8645932117411697
-3.86449775298978
-3.86440229423839
-3.8643068354870005
-3.8642113767356108
-3.864115917984221
-3.864020459232831
-3.863925000481441
-3.8638295417300514
-3.8637340829786617
-3.863638624227272
-3.8635431654758823
-3.863447706724492
-3.8633522479731024
-3.8632567892217127
-3.863161330470323
-3.8630658717189332
-3.8629704129675435
-3.8628749542161533
-3.8627794954647636
-3.862684036713374
-3.862588577961984
-3.8624931192105945
-3.8623976604592047
-3.862302201707815
-3.862206742956425
-3.862111284205035
-3.8620158254536454
-3.8619203667022557
-3.861824907950866
-3.8617294491994762
-3.861633990448086
-3.8615385316966964
-3.8614430729453066
-3.861347614193917
-3.861252155442527
-3.8611566966911375
-3.8610612379397473
-3.8609657791883576
-3.860870320436968
-3.860774861685578
-3.8606794029341884
-3.8605839441827987
-3.8604884854314085
-3.860393026680019
-3.860297567928629
-3.8602021091772394
-3.8601066504258497
-3.86001119167446
-3.8599157329230698
-3.85982027417168
-3.8597248154202903
-3.8596293566689006
-3.859533897917511
-3.859438439166121
-3.859342980414731
-3.8592475216633413
-3.8591520629119516
-3.859056604160562
-3.858961145409172
-3.8588656866577824
-3.8587702279063922
-3.8586747691550025
-3.858579310403613
-3.858483851652223
-3.8583883929008334
-3.8582929341494436
-3.8581974753980535
-3.8581020166466637
-3.858006557895274
-3.8579110991438843
-3.8578156403924946
-3.857720181641105
-3.8576247228897147
-3.857529264138325
-3.8574338053869353
-3.8573383466355455
-3.857242887884156
-3.857147429132766
-3.857051970381376
-3.856956511629986
-3.8568610528785965
-3.8567655941272068
-3.856670135375817
-3.8565746766244273
-3.8564792178730376
-3.8563837591216474
-3.8562883003702577
-3.856192841618868
-3.8560973828674783
-3.8560019241160886
-3.855906465364699
-3.8558110066133087
-3.855715547861919
-3.8556200891105292
-3.8555246303591395
-3.85542917160775
-3.85533371285636
-3.85523825410497
-3.85514279535358
-3.8550473366021905
-3.8549518778508007
-3.854856419099411
-3.8547609603480213
-3.854665501596631
-3.8545700428452414
-3.8544745840938517
-3.854379125342462
-3.8542836665910722
-3.8541882078396825
-3.8540927490882924
-3.8539972903369026
-3.853901831585513
-3.853806372834123
-3.8537109140827335
-3.8536154553313438
-3.8535199965799536
-3.853424537828564
-3.853329079077174
-3.8532336203257844
-3.8531381615743947
-3.853042702823005
-3.852947244071615
-3.852851785320225
-3.8527563265688354
-3.8526608678174457
-3.852565409066056
-3.852469950314666
-3.852374491563276
-3.8522790328118863
-3.8521835740604966
-3.852088115309107
-3.851992656557717
-3.8518971978063274
-3.8518017390549373
-3.8517062803035476
-3.851610821552158
-3.851515362800768
-3.8514199040493784
-3.8513244452979887
-3.851228986546599
-3.851133527795209
-3.851038069043819
-3.8509426102924293
-3.8508471515410396
-3.85075169278965
-3.85065623403826
-3.85056077528687
-3.8504653165354803
-3.8503698577840906
-3.850274399032701
-3.850178940281311
-3.8500834815299214
-3.8499880227785312
-3.8498925640271415
-3.849797105275752
-3.849701646524362
-3.8496061877729724
-3.8495107290215826
-3.8494152702701925
-3.8493198115188028
-3.849224352767413
-3.8491288940160233
-3.8490334352646336
-3.848937976513244
-3.8488425177618537
-3.848747059010464
-3.8486516002590743
-3.8485561415076845
-3.848460682756295
-3.848365224004905
-3.848269765253515
-3.848174306502125
-3.8480788477507355
-3.8479833889993458
-3.847887930247956
-3.8477924714965663
-3.847697012745176
-3.8476015539937864
-3.8475060952423967
-3.847410636491007
-3.8473151777396173
-3.8472197189882276
-3.8471242602368374
-3.8470288014854477
-3.846933342734058
-3.8468378839826682
-3.8467424252312785
-3.846646966479889
-3.8465515077284986
-3.846456048977109
-3.846360590225719
-3.8462651314743295
-3.8461696727229397
-3.84607421397155
-3.84597875522016
-3.84588329646877
-3.8457878377173804
-3.8456923789659907
-3.845596920214601
-3.8455014614632113
-3.8454060027118215
-3.8453105439604314
-3.8452150852090416
-3.845119626457652
-3.845024167706262
-3.8449287089548725
-3.8448332502034828
-3.8447377914520926
-3.844642332700703
-3.844546873949313
-3.8444514151979234
-3.8443559564465337
-3.844260497695144
-3.844165038943754
-3.844069580192364
-3.8439741214409744
-3.8438786626895847
-3.843783203938195
-3.8436877451868052
-3.843592286435415
-3.8434968276840253
-3.8434013689326356
-3.843305910181246
-3.843210451429856
-3.8431149926784665
-3.8430195339270763
-3.8429240751756866
-3.842828616424297
-3.842733157672907
-3.8426376989215174
-3.8425422401701277
-3.8424467814187375
-3.842351322667348
-3.842255863915958
-3.8421604051645684
-3.8420649464131786
-3.841969487661789
-3.8418740289103988
-3.841778570159009
-3.8416831114076193
-3.8415876526562296
-3.84149219390484
-3.84139673515345
-3.84130127640206
-3.8412058176506703
-3.8411103588992805
-3.841014900147891
-3.840919441396501
-3.8408239826451114
-3.840728523893721
-3.8406330651423315
-3.8405376063909418
-3.840442147639552
-3.8403466888881623
-3.8402512301367726
-3.840155771385383
-3.8400603126339927
-3.839964853882603
-3.8398693951312133
-3.8397739363798236
-3.839678477628434
-3.839583018877044
-3.839487560125654
-3.8393921013742642
-3.8392966426228745
-3.839201183871485
-3.839105725120095
-3.8390102663687053
-3.838914807617315
-3.8388193488659255
-3.8387238901145357
-3.838628431363146
-3.8385329726117563
-3.8384375138603666
-3.8383420551089764
-3.8382465963575867
-3.838151137606197
-3.8380556788548073
-3.8379602201034175
-3.837864761352028
-3.8377693026006376
-3.837673843849248
-3.837578385097858
-3.8374829263464685
-3.8373874675950788
-3.837292008843689
-3.837196550092299
-3.837101091340909
-3.8370056325895194
-3.8369101738381297
-3.83681471508674
-3.8367192563353503
-3.83662379758396
-3.8365283388325704
-3.8364328800811807
-3.836337421329791
-3.836241962578401
-3.8361465038270115
-3.8360510450756213
-3.8359555863242316
-3.835860127572842
-3.835764668821452
-3.8356692100700625
-3.8355737513186727
-3.8354782925672826
-3.835382833815893
-3.835287375064503
-3.8351919163131134
-3.8350964575617237
-3.835000998810334
-3.8349055400589442
-3.834810081307554
-3.8347146225561644
-3.8346191638047746
-3.834523705053385
-3.834428246301995
-3.8343327875506055
-3.8342373287992153
-3.8341418700478256
-3.834046411296436
-3.833950952545046
-3.8338554937936564
-3.8337600350422667
-3.8336645762908765
-3.833569117539487
-3.833473658788097
-3.8333782000367074
-3.8332827412853177
-3.833187282533928
-3.8330918237825378
-3.832996365031148
-3.8329009062797583
-3.8328054475283686
-3.832709988776979
-3.832614530025589
-3.832519071274199
-3.8324236125228093
-3.8323281537714196
-3.83223269502003
-3.83213723626864
-3.8320417775172504
-3.8319463187658602
-3.8318508600144705
-3.831755401263081
-3.831659942511691
-3.8315644837603013
-3.8314690250089116
-3.8313735662575215
-3.8312781075061317
-3.831182648754742
-3.8310871900033523
-3.8309917312519626
-3.830896272500573
-3.8308008137491827
-3.830705354997793
-3.8306098962464032
-3.8305144374950135
-3.830418978743624
-3.830323519992234
-3.830228061240844
-3.830132602489454
-3.8300371437380645
-3.8299416849866748
-3.829846226235285
-3.8297507674838953
-3.829655308732505
-3.8295598499811154
-3.8294643912297257
-3.829368932478336
-3.8292734737269463
-3.8291780149755565
-3.829082556224167
-3.8289870974727767
-3.828891638721387
-3.828796179969997
-3.8287007212186075
-3.8286052624672178
-3.828509803715828
-3.828414344964438
-3.828318886213048
-3.8282234274616584
-3.8281279687102687
-3.828032509958879
-3.8279370512074893
-3.827841592456099
-3.8277461337047094
-3.8276506749533197
-3.82755521620193
-3.8274597574505402
-3.8273642986991505
-3.8272688399477603
-3.8271733811963706
-3.827077922444981
-3.826982463693591
-3.8268870049422015
-3.8267915461908117
-3.8266960874394216
-3.826600628688032
-3.826505169936642
-3.8264097111852524
-3.8263142524338627
-3.826218793682473
-3.826123334931083
-3.826027876179693
-3.8259324174283034
-3.8258369586769136
-3.825741499925524
-3.825646041174134
-3.825550582422744
-3.8254551236713543
-3.8253596649199646
-3.825264206168575
-3.825168747417185
-3.8250732886657954
-3.8249778299144053
-3.8248823711630155
-3.824786912411626
-3.824691453660236
-3.8245959949088464
-3.8245005361574567
-3.8244050774060665
-3.824309618654677
-3.824214159903287
-3.8241187011518973
-3.8240232424005076
-3.823927783649118
-3.823832324897728
-3.823736866146338
-3.8236414073949483
-3.8235459486435586
-3.823450489892169
-3.823355031140779
-3.8232595723893894
-3.8231641136379992
-3.8230686548866095
-3.82297319613522
-3.82287773738383
-3.8227822786324404
-3.8226868198810506
-3.8225913611296605
-3.8224959023782707
-3.822400443626881
-3.8223049848754913
-3.8222095261241016
-3.822114067372712
-3.8220186086213217
-3.821923149869932
-3.8218276911185423
-3.8217322323671525
-3.821636773615763
-3.821541314864373
-3.821445856112983
-3.821350397361593
-3.8212549386102035
-3.8211594798588138
-3.821064021107424
-3.8209685623560343
-3.820873103604644
-3.8207776448532544
-3.8206821861018647
-3.820586727350475
-3.8204912685990853
-3.8203958098476956
-3.8203003510963054
-3.8202048923449157
-3.820109433593526
-3.8200139748421362
-3.8199185160907465
-3.819823057339357
-3.8197275985879666
-3.819632139836577
-3.819536681085187
-3.8194412223337975
-3.8193457635824077
-3.819250304831018
-3.819154846079628
-3.819059387328238
-3.8189639285768484
-3.8188684698254587
-3.818773011074069
-3.8186775523226792
-3.8185820935712895
-3.8184866348198994
-3.8183911760685096
-3.81829571731712
-3.81820025856573
-3.8181047998143405
-3.8180093410629508
-3.8179138823115606
-3.817818423560171
-3.817722964808781
-3.8176275060573914
-3.8175320473060017
-3.817436588554612
-3.817341129803222
-3.817245671051832
-3.8171502123004424
-3.8170547535490527
-3.816959294797663
-3.816863836046273
-3.816768377294883
-3.8166729185434933
-3.8165774597921036
-3.816482001040714
-3.816386542289324
-3.8162910835379344
-3.8161956247865443
-3.8161001660351546
-3.816004707283765
-3.815909248532375
-3.8158137897809854
-3.8157183310295957
-3.8156228722782055
-3.815527413526816
-3.815431954775426
-3.8153364960240364
-3.8152410372726466
-3.815145578521257
-3.8150501197698667
-3.814954661018477
-3.8148592022670873
-3.8147637435156976
-3.814668284764308
-3.814572826012918
-3.814477367261528
-3.8143819085101383
-3.8142864497587485
-3.814190991007359
-3.814095532255969
-3.8140000735045794
-3.813904614753189
-3.8138091560017995
-3.8137136972504098
-3.81361823849902
-3.8135227797476303
-3.8134273209962406
-3.8133318622448504
-3.8132364034934607
-3.813140944742071
-3.8130454859906813
-3.8129500272392916
-3.812854568487902
-3.812759109736512
-3.812663650985122
-3.8125681922337322
-3.8124727334823425
-3.812377274730953
-3.812281815979563
-3.8121863572281733
-3.812090898476783
-3.8119954397253935
-3.8118999809740037
-3.811804522222614
-3.8117090634712243
-3.8116136047198346
-3.8115181459684444
-3.8114226872170547
-3.811327228465665
-3.8112317697142752
-3.8111363109628855
-3.811040852211496
-3.8109453934601056
-3.810849934708716
-3.810754475957326
-3.8106590172059365
-3.8105635584545468
-3.810468099703157
-3.810372640951767
-3.810277182200377
-3.8101817234489874
-3.8100862646975977
-3.809990805946208
-3.8098953471948183
-3.809799888443428
-3.8097044296920384
-3.8096089709406487
-3.809513512189259
-3.809418053437869
-3.8093225946864795
-3.8092271359350893
-3.8091316771836996
-3.80903621843231
-3.80894075968092
-3.8088453009295304
-3.8087498421781407
-3.8086543834267506
-3.808558924675361
-3.808463465923971
-3.8083680071725814
-3.8082725484211917
-3.808177089669802
-3.808081630918412
-3.807986172167022
-3.8078907134156323
-3.8077952546642426
-3.807699795912853
-3.807604337161463
-3.807508878410073
-3.8074134196586833
-3.8073179609072936
-3.807222502155904
-3.807127043404514
-3.8070315846531244
-3.8069361259017347
-3.8068406671503445
-3.806745208398955
-3.806649749647565
-3.8065542908961754
-3.8064588321447856
-3.806363373393396
-3.8062679146420058
-3.806172455890616
-3.8060769971392263
-3.8059815383878366
-3.805886079636447
-3.805790620885057
-3.805695162133667
-3.8055997033822773
-3.8055042446308875
-3.805408785879498
-3.805313327128108
-3.8052178683767184
-3.805122409625328
-3.8050269508739385
-3.8049314921225488
-3.804836033371159
-3.8047405746197693
-3.8046451158683796
-3.8045496571169894
-3.8044541983655997
-3.80435873961421
-3.8042632808628203
-3.8041678221114306
-3.804072363360041
-3.8039769046086507
-3.803881445857261
-3.8037859871058712
-3.8036905283544815
-3.803595069603092
-3.803499610851702
-3.803404152100312
-3.803308693348922
-3.8032132345975325
-3.8031177758461427
-3.803022317094753
-3.8029268583433633
-3.802831399591973
-3.8027359408405834
-3.8026404820891937
-3.802545023337804
-3.8024495645864143
-3.8023541058350245
-3.802258647083635
-3.8021631883322446
-3.802067729580855
-3.801972270829465
-3.8018768120780755
-3.8017813533266858
-3.801685894575296
-3.801590435823906
-3.801494977072516
-3.8013995183211264
-3.8013040595697367
-3.801208600818347
-3.8011131420669573
-3.801017683315567
-3.8009222245641774
-3.8008267658127877
-3.800731307061398
-3.8006358483100082
-3.8005403895586185
-3.8004449308072283
-3.8003494720558386
-3.800254013304449
-3.800158554553059
-3.8000630958016695
-3.7999676370502797
-3.7998721782988896
-3.7997767195475
-3.79968126079611
-3.7995858020447204
-3.7994903432933307
-3.799394884541941
-3.799299425790551
-3.799203967039161
-3.7991085082877714
-3.7990130495363816
-3.798917590784992
-3.798822132033602
-3.798726673282212
-3.7986312145308223
-3.7985357557794326
-3.798440297028043
-3.798344838276653
-3.7982493795252634
-3.7981539207738733
-3.7980584620224835
-3.797963003271094
-3.797867544519704
-3.7977720857683144
-3.7976766270169247
-3.7975811682655345
-3.7974857095141448
-3.797390250762755
-3.7972947920113653
-3.7971993332599756
-3.797103874508586
-3.7970084157571957
-3.796912957005806
-3.7968174982544163
-3.7967220395030266
-3.796626580751637
-3.796531122000247
-3.7964356632488574
-3.7963402044974672
-3.7962447457460775
-3.796149286994688
-3.796053828243298
-3.7959583694919083
-3.7958629107405186
-3.7957674519891285
-3.7956719932377387
-3.795576534486349
-3.7954810757349593
-3.7953856169835696
-3.79529015823218
-3.7951946994807897
-3.7950992407294
-3.7950037819780102
-3.7949083232266205
-3.794812864475231
-3.794717405723841
-3.794621946972451
-3.794526488221061
-3.7944310294696715
-3.7943355707182818
-3.794240111966892
-3.7941446532155023
-3.794049194464112
-3.7939537357127224
-3.7938582769613327
-3.793762818209943
-3.7936673594585533
-3.7935719007071635
-3.7934764419557734
-3.7933809832043837
-3.793285524452994
-3.793190065701604
-3.7930946069502145
-3.7929991481988248
-3.7929036894474346
-3.792808230696045
-3.792712771944655
-3.7926173131932654
-3.7925218544418757
-3.792426395690486
-3.792330936939096
-3.792235478187706
-3.7921400194363164
-3.7920445606849267
-3.791949101933537
-3.7918536431821472
-3.7917581844307575
-3.7916627256793674
-3.7915672669279776
-3.791471808176588
-3.791376349425198
-3.7912808906738085
-3.7911854319224183
-3.7910899731710286
-3.790994514419639
-3.790899055668249
-3.7908035969168594
-3.7907081381654697
-3.79061267941408
-3.79051722066269
-3.7904217619113
-3.7903263031599104
-3.7902308444085206
-3.790135385657131
-3.790039926905741
-3.789944468154351
-3.7898490094029613
-3.7897535506515716
-3.789658091900182
-3.789562633148792
-3.7894671743974024
-3.7893717156460123
-3.7892762568946226
-3.789180798143233
-3.789085339391843
-3.7889898806404534
-3.7888944218890637
-3.7887989631376735
-3.788703504386284
-3.788608045634894
-3.7885125868835043
-3.7884171281321146
-3.788321669380725
-3.7882262106293347
-3.788130751877945
-3.7880352931265553
-3.7879398343751656
-3.787844375623776
-3.787748916872386
-3.787653458120996
-3.7875579993696062
-3.7874625406182165
-3.787367081866827
-3.787271623115437
-3.7871761643640474
-3.787080705612657
-3.7869852468612675
-3.7868897881098778
-3.786794329358488
-3.7866988706070983
-3.7866034118557086
-3.7865079531043184
-3.7864124943529287
-3.786317035601539
-3.7862215768501493
-3.7861261180987595
-3.78603065934737
-3.78593520059598
-3.78583974184459
-3.7857442830932
-3.7856488243418105
-3.7855533655904208
-3.785457906839031
-3.785362448087641
-3.785266989336251
-3.7851715305848614
-3.7850760718334717
-3.784980613082082
-3.7848851543306923
-3.7847896955793026
-3.7846942368279124
-3.7845987780765227
-3.784503319325133
-3.7844078605737432
-3.7843124018223535
-3.784216943070964
-3.7841214843195736
-3.784026025568184
-3.783930566816794
-3.7838351080654045
-3.7837396493140147
-3.783644190562625
-3.783548731811235
-3.783453273059845
-3.7833578143084554
-3.7832623555570657
-3.783166896805676
-3.7830714380542863
-3.782975979302896
-3.7828805205515064
-3.7827850618001166
-3.782689603048727
-3.782594144297337
-3.7824986855459475
-3.7824032267945573
-3.7823077680431676
-3.782212309291778
-3.782116850540388
-3.7820213917889984
-3.7819259330376087
-3.7818304742862185
-3.781735015534829
-3.781639556783439
-3.7815440980320494
-3.7814486392806597
-3.78135318052927
-3.7812577217778798
-3.78116226302649
-3.7810668042751003
-3.7809713455237106
-3.780875886772321
-3.780780428020931
-3.780684969269541
-3.7805895105181513
-3.7804940517667616
-3.780398593015372
-3.780303134263982
-3.7802076755125924
-3.7801122167612027
-3.7800167580098125
-3.779921299258423
-3.779825840507033
-3.7797303817556434
-3.7796349230042536
-3.779539464252864
-3.7794440055014737
-3.779348546750084
-3.7792530879986943
-3.7791576292473046
-3.779062170495915
-3.778966711744525
-3.778871252993135
-3.7787757942417453
-3.7786803354903555
-3.778584876738966
-3.778489417987576
-3.7783939592361864
-3.778298500484796
-3.7782030417334065
-3.7781075829820168
-3.778012124230627
-3.7779166654792373
-3.7778212067278476
-3.7777257479764574
-3.7776302892250677
-3.777534830473678
-3.7774393717222883
-3.7773439129708986
-3.777248454219509
-3.7771529954681187
-3.777057536716729
-3.7769620779653392
-3.7768666192139495
-3.77677116046256
-3.77667570171117
-3.77658024295978
-3.77648478420839
-3.7763893254570005
-3.7762938667056107
-3.776198407954221
-3.7761029492028313
-3.776007490451441
-3.7759120317000514
-3.7758165729486617
-3.775721114197272
-3.7756256554458822
-3.7755301966944925
-3.7754347379431024
-3.7753392791917126
-3.775243820440323
-3.775148361688933
-3.7750529029375435
-3.7749574441861538
-3.7748619854347636
-3.774766526683374
-3.774671067931984
-3.7745756091805944
-3.7744801504292047
-3.774384691677815
-3.7742892329264253
-3.774193774175035
-3.7740983154236454
-3.7740028566722557
-3.773907397920866
-3.773811939169476
-3.7737164804180865
-3.7736210216666963
-3.7735255629153066
-3.773430104163917
-3.773334645412527
-3.7732391866611374
-3.7731437279097477
-3.7730482691583576
-3.772952810406968
-3.772857351655578
-3.7727618929041884
-3.7726664341527987
-3.772570975401409
-3.772475516650019
-3.772380057898629
-3.7722845991472393
-3.7721891403958496
-3.77209368164446
-3.77199822289307
-3.77190276414168
-3.7718073053902903
-3.7717118466389006
-3.771616387887511
-3.771520929136121
-3.7714254703847314
-3.7713300116333413
-3.7712345528819515
-3.771139094130562
-3.771043635379172
-3.7709481766277824
-3.7708527178763926
-3.7707572591250025
-3.7706618003736128
-3.770566341622223
-3.7704708828708333
-3.7703754241194436
-3.770279965368054
-3.7701845066166637
-3.770089047865274
-3.7699935891138843
-3.7698981303624945
-3.769802671611105
-3.769707212859715
-3.7696117541083254
-3.769516295356935
-3.7694208366055455
-3.769325377854156
-3.769229919102766
-3.7691344603513763
-3.769039001599986
-3.7689435428485965
-3.7688480840972067
-3.768752625345817
-3.7686571665944273
-3.7685617078430376
-3.768466249091648
-3.7683707903402577
-3.768275331588868
-3.7681798728374782
-3.7680844140860885
-3.767988955334699
-3.767893496583309
-3.767798037831919
-3.767702579080529
-3.7676071203291395
-3.7675116615777497
-3.76741620282636
-3.7673207440749703
-3.76722528532358
-3.7671298265721904
-3.7670343678208007
-3.766938909069411
-3.7668434503180213
-3.7667479915666315
-3.7666525328152414
-3.7665570740638517
-3.766461615312462
-3.766366156561072
-3.7662706978096825
-3.7661752390582928
-3.7660797803069026
-3.765984321555513
-3.765888862804123
-3.7657934040527334
-3.7656979453013437
-3.765602486549954
-3.765507027798564
-3.765411569047174
-3.7653161102957844
-3.7652206515443947
-3.765125192793005
-3.7650297340416152
-3.764934275290225
-3.7648388165388353
-3.7647433577874456
-3.764647899036056
-3.764552440284666
-3.7644569815332765
-3.7643615227818863
-3.7642660640304966
-3.764170605279107
-3.764075146527717
-3.7639796877763274
-3.7638842290249377
-3.763788770273548
-3.763693311522158
-3.763597852770768
-3.7635023940193784
-3.7634069352679886
-3.763311476516599
-3.763216017765209
-3.763120559013819
-3.7630251002624293
-3.7629296415110396
-3.76283418275965
-3.76273872400826
-3.7626432652568704
-3.7625478065054803
-3.7624523477540905
-3.762356889002701
-3.762261430251311
-3.7621659714999214
-3.7620705127485317
-3.7619750539971415
-3.7618795952457518
-3.761784136494362
-3.7616886777429723
-3.7615932189915826
-3.761497760240193
-3.7614023014888027
-3.761306842737413
-3.7612113839860233
-3.7611159252346336
-3.761020466483244
-3.760925007731854
-3.760829548980464
-3.7607340902290742
-3.7606386314776845
-3.760543172726295
-3.760447713974905
-3.7603522552235153
-3.760256796472125
-3.7601613377207355
-3.7600658789693457
-3.759970420217956
-3.7598749614665663
-3.7597795027151766
-3.7596840439637864
-3.7595885852123967
-3.759493126461007
-3.7593976677096173
-3.7593022089582275
-3.759206750206838
-3.7591112914554476
-3.759015832704058
-3.758920373952668
-3.7588249152012785
-3.7587294564498888
-3.758633997698499
-3.758538538947109
-3.758443080195719
-3.7583476214443294
-3.7582521626929397
-3.75815670394155
-3.7580612451901603
-3.7579657864387706
-3.7578703276873804
-3.7577748689359907
-3.757679410184601
-3.7575839514332112
-3.7574884926818215
-3.757393033930432
-3.7572975751790416
-3.757202116427652
-3.757106657676262
-3.7570111989248725
-3.7569157401734827
-3.756820281422093
-3.756724822670703
-3.756629363919313
-3.7565339051679234
-3.7564384464165337
-3.756342987665144
-3.7562475289137542
-3.756152070162364
-3.7560566114109744
-3.7559611526595846
-3.755865693908195
-3.755770235156805
-3.7556747764054155
-3.7555793176540253
-3.7554838589026356
-3.755388400151246
-3.755292941399856
-3.7551974826484664
-3.7551020238970767
-3.7550065651456865
-3.754911106394297
-3.754815647642907
-3.7547201888915174
-3.7546247301401277
-3.754529271388738
-3.7544338126373478
-3.754338353885958
-3.7542428951345683
-3.7541474363831786
-3.754051977631789
-3.753956518880399
-3.753861060129009
-3.7537656013776193
-3.7536701426262296
-3.75357468387484
-3.75347922512345
-3.7533837663720604
-3.7532883076206707
-3.7531928488692805
-3.753097390117891
-3.753001931366501
-3.7529064726151113
-3.7528110138637216
-3.7527155551123315
-3.7526200963609417
-3.752524637609552
-3.7524291788581623
-3.7523337201067726
-3.752238261355383
-3.752142802603993
-3.752047343852603
-3.7519518851012132
-3.7518564263498235
-3.751760967598434
-3.751665508847044
-3.7515700500956544
-3.751474591344264
-3.7513791325928745
-3.7512836738414848
-3.751188215090095
-3.7510927563387053
-3.7509972975873156
-3.7509018388359254
-3.7508063800845357
-3.750710921333146
-3.7506154625817563
-3.7505200038303665
-3.750424545078977
-3.7503290863275867
-3.750233627576197
-3.750138168824807
-3.7500427100734175
-3.7499472513220278
-3.749851792570638
-3.749756333819248
-3.749660875067858
-3.7495654163164684
-3.7494699575650787
-3.749374498813689
-3.7492790400622993
-3.749183581310909
-3.7490881225595194
-3.7489926638081297
-3.74889720505674
-3.7488017463053502
-3.7487062875539605
-3.7486108288025703
-3.7485153700511806
-3.748419911299791
-3.748324452548401
-3.7482289937970115
-3.7481335350456217
-3.7480380762942316
-3.747942617542842
-3.747847158791452
-3.7477517000400624
-3.7476562412886727
-3.747560782537283
-3.7474653237858933
-3.747369865034503
-3.7472744062831134
-3.7471789475317236
-3.747083488780334
-3.746988030028944
-3.7468925712775545
-3.7467971125261643
-3.7467016537747746
-3.746606195023385
-3.746510736271995
-3.7464152775206054
-3.7463198187692157
-3.7462243600178255
-3.746128901266436
-3.746033442515046
-3.7459379837636564
-3.7458425250122667
-3.745747066260877
-3.745651607509487
-3.745556148758097
-3.7454606900067073
-3.7453652312553176
-3.745269772503928
-3.745174313752538
-3.745078855001148
-3.7449833962497583
-3.7448879374983686
-3.744792478746979
-3.744697019995589
-3.7446015612441994
-3.7445061024928092
-3.7444106437414195
-3.74431518499003
-3.74421972623864
-3.7441242674872504
-3.7440288087358606
-3.7439333499844705
-3.7438378912330808
-3.743742432481691
-3.7436469737303013
-3.7435515149789116
-3.743456056227522
-3.7433605974761317
-3.743265138724742
-3.7431696799733523
-3.7430742212219625
-3.742978762470573
-3.742883303719183
-3.7427878449677934
-3.742692386216403
-3.7425969274650135
-3.7425014687136238
-3.742406009962234
-3.7423105512108443
-3.742215092459454
-3.7421196337080644
-3.7420241749566747
-3.741928716205285
-3.7418332574538953
-3.7417377987025056
-3.741642339951116
-3.7415468811997257
-3.741451422448336
-3.7413559636969462
-3.7412605049455565
-3.741165046194167
-3.7410695874427766
-3.740974128691387
-3.740878669939997
-3.7407832111886075
-3.7406877524372177
-3.740592293685828
-3.7404968349344383
-3.740401376183048
-3.7403059174316584
-3.7402104586802687
-3.740114999928879
-3.7400195411774892
-3.7399240824260995
-3.7398286236747094
-3.7397331649233196
-3.73963770617193
-3.73954224742054
-3.7394467886691505
-3.7393513299177608
-3.7392558711663706
-3.739160412414981
-3.739064953663591
-3.7389694949122014
-3.7388740361608117
-3.738778577409422
-3.738683118658032
-3.738587659906642
-3.7384922011552524
-3.7383967424038627
-3.738301283652473
-3.738205824901083
-3.738110366149693
-3.7380149073983033
-3.7379194486469136
-3.737823989895524
-3.737728531144134
-3.7376330723927444
-3.7375376136413543
-3.7374421548899646
-3.737346696138575
-3.737251237387185
-3.7371557786357954
-3.7370603198844057
-3.736964861133016
-3.736869402381626
-3.736773943630236
-3.7366784848788464
-3.7365830261274566
-3.736487567376067
-3.7363921086246767
-3.736296649873287
-3.7362011911218973
-3.7361057323705076
-3.736010273619118
-3.735914814867728
-3.7358193561163384
-3.7357238973649483
-3.7356284386135585
-3.735532979862169
-3.735437521110779
-3.7353420623593894
-3.7352466036079996
-3.7351511448566095
-3.7350556861052198
-3.73496022735383
-3.7348647686024403
-3.7347693098510506
-3.734673851099661
-3.7345783923482707
-3.734482933596881
-3.7343874748454913
-3.7342920160941016
-3.734196557342712
-3.734101098591322
-3.734005639839932
-3.7339101810885422
-3.7338147223371525
-3.733719263585763
-3.733623804834373
-3.7335283460829833
-3.733432887331593
-3.7333374285802035
-3.7332419698288137
-3.733146511077424
-3.7330510523260343
-3.7329555935746446
-3.7328601348232544
-3.7327646760718647
-3.732669217320475
-3.7325737585690852
-3.7324782998176955
-3.732382841066306
-3.7322873823149156
-3.732191923563526
-3.732096464812136
-3.7320010060607465
-3.7319055473093568
-3.731810088557967
-3.731714629806577
-3.731619171055187
-3.7315237123037974
-3.7314282535524077
-3.731332794801018
-3.7312373360496283
-3.7311418772982385
-3.7310464185468484
-3.7309509597954587
-3.730855501044069
-3.730760042292679
-3.7306645835412895
-3.7305691247898993
-3.7304736660385096
-3.73037820728712
-3.73028274853573
-3.7301872897843404
-3.7300918310329507
-3.729996372281561
-3.729900913530171
-3.729805454778781
-3.7297099960273914
-3.7296145372760017
-3.729519078524612
-3.7294236197732222
-3.729328161021832
-3.7292327022704423
-3.7291372435190526
-3.729041784767663
-3.728946326016273
-3.7288508672648835
-3.7287554085134933
-3.7286599497621036
-3.728564491010714
-3.728469032259324
-3.7283735735079344
-3.7282781147565447
-3.7281826560051545
-3.728087197253765
-3.727991738502375
-3.7278962797509854
-3.7278008209995956
-3.727705362248206
-3.7276099034968158
-3.727514444745426
-3.7274189859940363
-3.7273235272426466
-3.727228068491257
-3.727132609739867
-3.727037150988477
-3.7269416922370873
-3.7268462334856975
-3.726750774734308
-3.726655315982918
-3.7265598572315284
-3.7264643984801387
-3.7263689397287485
-3.7262734809773588
-3.726178022225969
-3.7260825634745793
-3.7259871047231896
-3.7258916459717994
-3.7257961872204097
-3.72570072846902
-3.7256052697176303
-3.7255098109662406
-3.725414352214851
-3.725318893463461
-3.725223434712071
-3.7251279759606812
-3.7250325172092915
-3.724937058457902
-3.724841599706512
-3.724746140955122
-3.724650682203732
-3.7245552234523425
-3.7244597647009527
-3.724364305949563
-3.7242688471981733
-3.7241733884467836
-3.7240779296953934
-3.7239824709440037
-3.723887012192614
-3.7237915534412243
-3.7236960946898345
-3.723600635938445
-3.7235051771870546
-3.723409718435665
-3.723314259684275
-3.7232188009328855
-3.7231233421814958
-3.723027883430106
-3.722932424678716
-3.722836965927326
-3.7227415071759364
-3.7226460484245467
-3.722550589673157
-3.7224551309217673
-3.722359672170377
-3.7222642134189874
-3.7221687546675977
-3.722073295916208
-3.7219778371648182
-3.7218823784134285
-3.7217869196620383
-3.7216914609106486
-3.721596002159259
-3.721500543407869
-3.7214050846564795
-3.7213096259050897
-3.7212141671536996
-3.72111870840231
-3.72102324965092
-3.7209277908995304
-3.7208323321481407
-3.720736873396751
-3.7206414146453612
-3.720545955893971
-3.7204504971425814
-3.7203550383911916
-3.720259579639802
-3.720164120888412
-3.720068662137022
-3.7199732033856323
-3.7198777446342426
-3.719782285882853
-3.719686827131463
-3.7195913683800734
-3.7194959096286837
-3.7194004508772935
-3.719304992125904
-3.719209533374514
-3.7191140746231244
-3.7190186158717347
-3.718923157120345
-3.7188276983689548
-3.718732239617565
-3.7186367808661753
-3.7185413221147856
-3.718445863363396
-3.718350404612006
-3.718254945860616
-3.7181594871092263
-3.7180640283578366
-3.717968569606447
-3.717873110855057
-3.7177776521036674
-3.7176821933522772
-3.7175867346008875
-3.717491275849498
-3.717395817098108
-3.7173003583467183
-3.7172048995953286
-3.7171094408439385
-3.7170139820925487
-3.716918523341159
-3.7168230645897693
-3.7167276058383796
-3.71663214708699
-3.7165366883355997
-3.71644122958421
-3.7163457708328203
-3.7162503120814305
-3.716154853330041
-3.716059394578651
-3.715963935827261
-3.715868477075871
-3.7157730183244815
-3.7156775595730918
-3.715582100821702
-3.7154866420703123
-3.715391183318922
-3.7152957245675324
-3.7152002658161427
-3.715104807064753
