-0.9832605683131186	-3.867791079912728	3.228975768434341
-0.9832605683131186	-3.8676956211613382	3.2290818744340344
-0.9832605683131186	-3.8676001624099485	3.2291879804632577
-0.9832605683131186	-3.867504703658559	3.229294086522011
-0.9832605683131186	-3.8674092449071686	3.229400192610293
-0.9832605683131186	-3.867313786155779	3.229506298728106
-0.9832605683131186	-3.867218327404389	3.2296124048754464
-0.9832605683131186	-3.8671228686529995	3.229718511052318
-0.9832605683131186	-3.8670274099016098	3.229824617258717
-0.9832605683131186	-3.86693195115022	3.229930723494646
-0.9832605683131186	-3.86683649239883	3.230036829760106
-0.9832605683131186	-3.86674103364744	3.2301429360550946
-0.9832605683131186	-3.8666455748960504	3.2302490423796124
-0.9832605683131186	-3.8665501161446607	3.2303551487336595
-0.9832605683131186	-3.866454657393271	3.2304612551172367
-0.9832605683131186	-3.8663591986418813	3.2305673615303423
-0.9832605683131186	-3.866263739890491	3.230673467972978
-0.9832605683131186	-3.8661682811391014	3.230779574445144
-0.9832605683131186	-3.8660728223877117	3.2308856809468374
-0.9832605683131186	-3.865977363636322	3.230991787478062
-0.9832605683131186	-3.865881904884932	3.2310978940388146
-0.9832605683131186	-3.8657864461335425	3.2312040006290985
-0.9832605683131186	-3.8656909873821523	3.2313101072489108
-0.9832605683131186	-3.8655955286307626	3.2314162138982523
-0.9832605683131186	-3.865500069879373	3.231522320577123
-0.9832605683131186	-3.865404611127983	3.231628427285524
-0.9832605683131186	-3.8653091523765934	3.2317345340234542
-0.9832605683131186	-3.8652136936252037	3.231840640790913
-0.9832605683131186	-3.8651182348738136	3.2319467475879033
-0.9832605683131186	-3.865022776122424	3.2320528544144205
-0.9832605683131186	-3.864927317371034	3.2321589612704686
-0.9832605683131186	-3.8648318586196444	3.232265068156046
-0.9832605683131186	-3.8647363998682547	3.232371175071152
-0.9832605683131186	-3.864640941116865	3.2324772820157888
-0.9832605683131186	-3.864545482365475	3.232583388989954
-0.9832605683131186	-3.864450023614085	3.2326894959936494
-0.9832605683131186	-3.8643545648626954	3.232795603026874
-0.9832605683131186	-3.8642591061113056	3.232901710089627
-0.9832605683131186	-3.864163647359916	3.233007817181911
-0.9832605683131186	-3.864068188608526	3.233113924303723
-0.9832605683131186	-3.863972729857136	3.2332200314550663
-0.9832605683131186	-3.8638772711057463	3.2333261386359373
-0.9832605683131186	-3.8637818123543566	3.2334322458463394
-0.9832605683131186	-3.863686353602967	3.233538353086269
-0.9832605683131186	-3.863590894851577	3.2336444603557286
-0.9832605683131186	-3.8634954361001874	3.2337505676547185
-0.9832605683131186	-3.8633999773487973	3.2338566749832376
-0.9832605683131186	-3.8633045185974075	3.233962782341286
-0.9832605683131186	-3.863209059846018	3.2340688897288636
-0.9832605683131186	-3.863113601094628	3.2341749971459706
-0.9832605683131186	-3.8630181423432384	3.2342811045926068
-0.9832605683131186	-3.8629226835918486	3.234387212068772
-0.9832605683131186	-3.8628272248404585	3.2344933195744687
-0.9832605683131186	-3.8627317660890688	3.2345994271096936
-0.9832605683131186	-3.862636307337679	3.2347055346744487
-0.9832605683131186	-3.8625408485862893	3.234811642268732
-0.9832605683131186	-3.8624453898348996	3.2349177498925457
-0.9832605683131186	-3.86234993108351	3.2350238575458876
-0.9832605683131186	-3.8622544723321197	3.2351299652287597
-0.9832605683131186	-3.86215901358073	3.235236072941162
-0.9832605683131186	-3.8620635548293403	3.2353421806830926
-0.9832605683131186	-3.8619680960779506	3.2354482884545535
-0.9832605683131186	-3.861872637326561	3.2355543962555426
-0.9832605683131186	-3.861777178575171	3.235660504086062
-0.9832605683131186	-3.8616817198237814	3.2357666119461106
-0.9832605683131186	-3.8615862610723912	3.2358727198356894
-0.9832605683131186	-3.8614908023210015	3.2359788277547974
-0.9832605683131186	-3.861395343569612	3.236084935703434
-0.9832605683131186	-3.861299884818222	3.2361910436816004
-0.9832605683131186	-3.8612044260668323	3.236297151689296
-0.9832605683131186	-3.8611089673154426	3.236403259726522
-0.9832605683131186	-3.8610135085640525	3.2365093677932766
-0.9832605683131186	-3.8609180498126627	3.2366154758895602
-0.9832605683131186	-3.860822591061273	3.236721584015375
-0.9832605683131186	-3.8607271323098833	3.236827692170717
-0.9832605683131186	-3.8606316735584936	3.2369338003555903
-0.9832605683131186	-3.860536214807104	3.237039908569992
-0.9832605683131186	-3.8604407560557137	3.2371460168139246
-0.9832605683131186	-3.860345297304324	3.2372521250873847
-0.9832605683131186	-3.8602498385529342	3.237358233390375
-0.9832605683131186	-3.8601543798015445	3.2374643417228954
-0.9832605683131186	-3.860058921050155	3.2375704500849443
-0.9832605683131186	-3.859963462298765	3.2376765584765232
-0.9832605683131186	-3.859868003547375	3.2377826668976315
-0.9832605683131186	-3.859772544795985	3.237888775348269
-0.9832605683131186	-3.8596770860445955	3.237994883828436
-0.9832605683131186	-3.8595816272932058	3.2381009923381328
-0.9832605683131186	-3.859486168541816	3.238207100877358
-0.9832605683131186	-3.8593907097904263	3.2383132094461127
-0.9832605683131186	-3.859295251039036	3.2384193180443983
-0.9832605683131186	-3.8591997922876464	3.2385254266722123
-0.9832605683131186	-3.8591043335362567	3.2386315353295565
-0.9832605683131186	-3.859008874784867	3.238737644016429
-0.9832605683131186	-3.8589134160334773	3.2388437527328318
-0.9832605683131186	-3.8588179572820875	3.2389498614787637
-0.9832605683131186	-3.8587224985306974	3.239055970254225
-0.9832605683131186	-3.8586270397793077	3.2391620790592164
-0.9832605683131186	-3.858531581027918	3.239268187893736
-0.9832605683131186	-3.858436122276528	3.239374296757786
-0.9832605683131186	-3.8583406635251385	3.2394804056513653
-0.9832605683131186	-3.8582452047737488	3.2395865145744738
-0.9832605683131186	-3.8581497460223586	3.2396926235271124
-0.9832605683131186	-3.858054287270969	3.2397987325092794
-0.9832605683131186	-3.857958828519579	3.2399048415209766
-0.9832605683131186	-3.8578633697681894	3.240010950562202
-0.9832605683131186	-3.8577679110167997	3.2401170596329587
-0.9832605683131186	-3.85767245226541	3.2402231687332437
-0.9832605683131186	-3.85757699351402	3.240329277863059
-0.9832605683131186	-3.85748153476263	3.240435387022403
-0.9832605683131186	-3.8573860760112404	3.240541496211276
-0.9832605683131186	-3.8572906172598507	3.240647605429679
-0.9832605683131186	-3.857195158508461	3.240753714677611
-0.9832605683131186	-3.8570996997570712	3.2408598239550734
-0.9832605683131186	-3.857004241005681	3.240965933262065
-0.9832605683131186	-3.8569087822542913	3.241072042598586
-0.9832605683131186	-3.8568133235029016	3.241178151964636
-0.9832605683131186	-3.856717864751512	3.2412842613602155
-0.9832605683131186	-3.856622406000122	3.241390370785325
-0.9832605683131186	-3.8565269472487325	3.241496480239963
-0.9832605683131186	-3.8564314884973427	3.241602589724131
-0.9832605683131186	-3.8563360297459526	3.2417086992378286
-0.9832605683131186	-3.856240570994563	3.241814808781056
-0.9832605683131186	-3.856145112243173	3.241920918353812
-0.9832605683131186	-3.8560496534917834	3.242027027956097
-0.9832605683131186	-3.8559541947403937	3.2421331375879126
-0.9832605683131186	-3.855858735989004	3.242239247249257
-0.9832605683131186	-3.855763277237614	3.242345356940132
-0.9832605683131186	-3.855667818486224	3.242451466660535
-0.9832605683131186	-3.8555723597348344	3.2425575764104684
-0.9832605683131186	-3.8554769009834446	3.24266368618993
-0.9832605683131186	-3.855381442232055	3.242769795998921
-0.9832605683131186	-3.855285983480665	3.242875905837443
-0.9832605683131186	-3.855190524729275	3.2429820157054934
-0.9832605683131186	-3.8550950659778853	3.243088125603074
-0.9832605683131186	-3.8549996072264956	3.2431942355301837
-0.9832605683131186	-3.854904148475106	3.2433003454868228
-0.9832605683131186	-3.854808689723716	3.243406455472991
-0.9832605683131186	-3.8547132309723264	3.2435125654886887
-0.9832605683131186	-3.8546177722209363	3.2436186755339165
-0.9832605683131186	-3.8545223134695465	3.2437247856086726
-0.9832605683131186	-3.854426854718157	3.24383089571296
-0.9832605683131186	-3.854331395966767	3.2439370058467745
-0.9832605683131186	-3.8542359372153774	3.24404311601012
-0.9832605683131186	-3.8541404784639877	3.2441492262029943
-0.9832605683131186	-3.8540450197125975	3.2442553364253985
-0.9832605683131186	-3.8539495609612078	3.244361446677332
-0.9832605683131186	-3.853854102209818	3.244467556958795
-0.9832605683131186	-3.8537586434584283	3.244573667269787
-0.9832605683131186	-3.8536631847070386	3.2446797776103082
-0.9832605683131186	-3.853567725955649	3.2447858879803597
-0.9832605683131186	-3.8534722672042587	3.2448919983799405
-0.9832605683131186	-3.853376808452869	3.2449981088090505
-0.9832605683131186	-3.8532813497014793	3.2451042192676907
-0.9832605683131186	-3.8531858909500896	3.245210329755859
-0.9832605683131186	-3.8530904321987	3.245316440273558
-0.9832605683131186	-3.85299497344731	3.245422550820785
-0.9832605683131186	-3.85289951469592	3.245528661397543
-0.9832605683131186	-3.8528040559445302	3.2456347720038297
-0.9832605683131186	-3.8527085971931405	3.2457408826396454
-0.9832605683131186	-3.852613138441751	3.2458469933049914
-0.9832605683131186	-3.852517679690361	3.2459531039998657
-0.9832605683131186	-3.8524222209389714	3.24605921472427
-0.9832605683131186	-3.852326762187581	3.246165325478205
-0.9832605683131186	-3.8522313034361915	3.246271436261668
-0.9832605683131186	-3.8521358446848017	3.24637754707466
-0.9832605683131186	-3.852040385933412	3.2464836579171825
-0.9832605683131186	-3.8519449271820223	3.246589768789234
-0.9832605683131186	-3.8518494684306326	3.246695879690815
-0.9832605683131186	-3.8517540096792424	3.2468019906219263
-0.9832605683131186	-3.8516585509278527	3.246908101582566
-0.9832605683131186	-3.851563092176463	3.2470142125727355
-0.9832605683131186	-3.8514676334250733	3.2471203235924344
-0.9832605683131186	-3.8513721746736835	3.2472264346416617
-0.9832605683131186	-3.851276715922294	3.24733254572042
-0.9832605683131186	-3.8511812571709036	3.2474386568287077
-0.9832605683131186	-3.851085798419514	3.2475447679665246
-0.9832605683131186	-3.850990339668124	3.24765087913387
-0.9832605683131186	-3.8508948809167345	3.247756990330746
-0.9832605683131186	-3.8507994221653448	3.247863101557151
-0.9832605683131186	-3.850703963413955	3.247969212813084
-0.9832605683131186	-3.8506085046625653	3.248075324098549
-0.9832605683131186	-3.850513045911175	3.2481814354135423
-0.9832605683131186	-3.8504175871597854	3.248287546758065
-0.9832605683131186	-3.8503221284083957	3.248393658132117
-0.9832605683131186	-3.850226669657006	3.248499769535699
-0.9832605683131186	-3.8501312109056163	3.2486058809688094
-0.9832605683131186	-3.8500357521542266	3.248711992431449
-0.9832605683131186	-3.8499402934028364	3.24881810392362
-0.9832605683131186	-3.8498448346514467	3.248924215445319
-0.9832605683131186	-3.849749375900057	3.2490303269965484
-0.9832605683131186	-3.8496539171486672	3.249136438577306
-0.9832605683131186	-3.8495584583972775	3.249242550187594
-0.9832605683131186	-3.849462999645888	3.249348661827411
-0.9832605683131186	-3.8493675408944976	3.2494547734967574
-0.9832605683131186	-3.849272082143108	3.249560885195634
-0.9832605683131186	-3.849176623391718	3.249666996924039
-0.9832605683131186	-3.8490811646403285	3.249773108681974
-0.9832605683131186	-3.8489857058889387	3.2498792204694373
-0.9832605683131186	-3.848890247137549	3.249985332286432
-0.9832605683131186	-3.848794788386159	3.2500914441329547
-0.9832605683131186	-3.848699329634769	3.2501975560090077
-0.9832605683131186	-3.8486038708833794	3.25030366791459
-0.9832605683131186	-3.8485084121319897	3.2504097798497007
-0.9832605683131186	-3.8484129533806	3.2505158918143424
-0.9832605683131186	-3.8483174946292102	3.2506220038085116
-0.9832605683131186	-3.84822203587782	3.2507281158322128
-0.9832605683131186	-3.8481265771264304	3.2508342278854414
-0.9832605683131186	-3.8480311183750406	3.250940339968201
-0.9832605683131186	-3.847935659623651	3.2510464520804883
-0.9832605683131186	-3.847840200872261	3.2511525642223056
-0.9832605683131186	-3.8477447421208715	3.251258676393653
-0.9832605683131186	-3.8476492833694813	3.25136478859453
-0.9832605683131186	-3.8475538246180916	3.251470900824936
-0.9832605683131186	-3.847458365866702	3.2515770130848702
-0.9832605683131186	-3.847362907115312	3.2516831253743357
-0.9832605683131186	-3.8472674483639224	3.2517892376933295
-0.9832605683131186	-3.8471719896125327	3.2518953500418526
-0.9832605683131186	-3.8470765308611425	3.2520014624199067
-0.9832605683131186	-3.846981072109753	3.2521075748274892
-0.9832605683131186	-3.846885613358363	3.252213687264601
-0.9832605683131186	-3.8467901546069734	3.252319799731242
-0.9832605683131186	-3.8466946958555837	3.2524259122274133
-0.9832605683131186	-3.846599237104194	3.2525320247531138
-0.9832605683131186	-3.8465037783528038	3.2526381373083435
-0.9832605683131186	-3.846408319601414	3.2527442498931025
-0.9832605683131186	-3.8463128608500243	3.252850362507391
-0.9832605683131186	-3.8462174020986346	3.2529564751512092
-0.9832605683131186	-3.846121943347245	3.253062587824556
-0.9832605683131186	-3.846026484595855	3.253168700527434
-0.9832605683131186	-3.845931025844465	3.25327481325984
-0.9832605683131186	-3.8458355670930753	3.2533809260217756
-0.9832605683131186	-3.8457401083416856	3.2534870388132413
-0.9832605683131186	-3.845644649590296	3.2535931516342353
-0.9832605683131186	-3.845549190838906	3.2536992644847604
-0.9832605683131186	-3.8454537320875164	3.253805377364813
-0.9832605683131186	-3.8453582733361262	3.2539114902743975
-0.9832605683131186	-3.8452628145847365	3.2540176032135095
-0.9832605683131186	-3.845167355833347	3.254123716182151
-0.9832605683131186	-3.845071897081957	3.254229829180322
-0.9832605683131186	-3.8449764383305673	3.254335942208023
-0.9832605683131186	-3.8448809795791776	3.254442055265253
-0.9832605683131186	-3.844785520827788	3.254548168352012
-0.9832605683131186	-3.8446900620763977	3.2546542814683024
-0.9832605683131186	-3.844594603325008	3.254760394614121
-0.9832605683131186	-3.8444991445736183	3.254866507789468
-0.9832605683131186	-3.8444036858222286	3.254972620994346
-0.9832605683131186	-3.844308227070839	3.2550787342287526
-0.9832605683131186	-3.844212768319449	3.255184847492689
-0.9832605683131186	-3.844117309568059	3.255290960786155
-0.9832605683131186	-3.8440218508166693	3.2553970741091502
-0.9832605683131186	-3.8439263920652795	3.2555031874616747
-0.9832605683131186	-3.84383093331389	3.2556093008437283
-0.9832605683131186	-3.8437354745625	3.255715414255312
-0.9832605683131186	-3.8436400158111104	3.2558215276964244
-0.9832605683131186	-3.84354455705972	3.2559276411670677
-0.9832605683131186	-3.8434490983083305	3.2560337546672393
-0.9832605683131186	-3.8433536395569408	3.256139868196941
-0.9832605683131186	-3.843258180805551	3.2562459817561713
-0.9832605683131186	-3.8431627220541613	3.2563520953449308
-0.9832605683131186	-3.8430672633027716	3.2564582089632212
-0.9832605683131186	-3.8429718045513814	3.25656432261104
-0.9832605683131186	-3.8428763457999917	3.256670436288389
-0.9832605683131186	-3.842780887048602	3.2567765499952666
-0.9832605683131186	-3.8426854282972123	3.256882663731674
-0.9832605683131186	-3.8425899695458225	3.25698877749761
-0.9832605683131186	-3.842494510794433	3.257094891293076
-0.9832605683131186	-3.8423990520430427	3.2572010051180724
-0.9832605683131186	-3.842303593291653	3.257307118972597
-0.9832605683131186	-3.842208134540263	3.2574132328566527
-0.9832605683131186	-3.8421126757888735	3.257519346770236
-0.9832605683131186	-3.842017217037484	3.25762546071335
-0.9832605683131186	-3.841921758286094	3.257731574685992
-0.9832605683131186	-3.841826299534704	3.2578376886881646
-0.9832605683131186	-3.841730840783314	3.2579438027198666
-0.9832605683131186	-3.8416353820319245	3.258049916781097
-0.9832605683131186	-3.8415399232805347	3.2581560308718585
-0.9832605683131186	-3.841444464529145	3.2582621449921483
-0.9832605683131186	-3.8413490057777553	3.2583682591419683
-0.9832605683131186	-3.841253547026365	3.2584743733213166
-0.9832605683131186	-3.8411580882749754	3.258580487530195
-0.9832605683131186	-3.8410626295235857	3.258686601768603
-0.9832605683131186	-3.840967170772196	3.25879271603654
-0.9832605683131186	-3.8408717120208062	3.258898830334007
-0.9832605683131186	-3.8407762532694165	3.2590049446610028
-0.9832605683131186	-3.8406807945180264	3.2591110590175294
-0.9832605683131186	-3.8405853357666366	3.2592171734035835
-0.9832605683131186	-3.840489877015247	3.259323287819168
-0.9832605683131186	-3.840394418263857	3.2594294022642822
-0.9832605683131186	-3.8402989595124675	3.259535516738925
-0.9832605683131186	-3.8402035007610777	3.259641631243098
-0.9832605683131186	-3.8401080420096876	3.2597477457768003
-0.9832605683131186	-3.840012583258298	3.2598538603400327
-0.9832605683131186	-3.839917124506908	3.2599599749327934
-0.9832605683131186	-3.8398216657555184	3.2600660895550835
-0.9832605683131186	-3.8397262070041287	3.2601722042069037
-0.9832605683131186	-3.839630748252739	3.2602783188882523
-0.9832605683131186	-3.839535289501349	3.2603844335991328
-0.9832605683131186	-3.839439830749959	3.26049054833954
-0.9832605683131186	-3.8393443719985694	3.260596663109478
-0.9832605683131186	-3.8392489132471797	3.2607027779089455
-0.9832605683131186	-3.83915345449579	3.2608088927379413
-0.9832605683131186	-3.8390579957444	3.260915007596468
-0.9832605683131186	-3.8389625369930105	3.2610211224845225
-0.9832605683131186	-3.8388670782416203	3.2611272374021087
-0.9832605683131186	-3.8387716194902306	3.2612333523492225
-0.9832605683131186	-3.838676160738841	3.2613394673258673
-0.9832605683131186	-3.838580701987451	3.2614455823320396
-0.9832605683131186	-3.8384852432360614	3.261551697367742
-0.9832605683131186	-3.8383897844846717	3.2616578124329747
-0.9832605683131186	-3.8382943257332816	3.2617639275277366
-0.9832605683131186	-3.838198866981892	3.2618700426520277
-0.9832605683131186	-3.838103408230502	3.2619761578058473
-0.9832605683131186	-3.8380079494791124	3.262082272989198
-0.9832605683131186	-3.8379124907277227	3.262188388202077
-0.9832605683131186	-3.837817031976333	3.262294503444486
-0.9832605683131186	-3.837721573224943	3.2624006187164243
-0.9832605683131186	-3.837626114473553	3.262506734017892
-0.9832605683131186	-3.8375306557221633	3.262612849348889
-0.9832605683131186	-3.8374351969707736	3.262718964709415
-0.9832605683131186	-3.837339738219384	3.2628250800994714
-0.9832605683131186	-3.837244279467994	3.262931195519056
-0.9832605683131186	-3.837148820716604	3.263037310968172
-0.9832605683131186	-3.8370533619652143	3.263143426446816
-0.9832605683131186	-3.8369579032138246	3.2632495419549894
-0.9832605683131186	-3.836862444462435	3.263355657492693
-0.9832605683131186	-3.836766985711045	3.263461773059925
-0.9832605683131186	-3.8366715269596554	3.263567888656688
-0.9832605683131186	-3.8365760682082652	3.2636740042829793
-0.9832605683131186	-3.8364806094568755	3.263780119938801
-0.9832605683131186	-3.836385150705486	3.2638862356241507
-0.9832605683131186	-3.836289691954096	3.26399235133903
-0.9832605683131186	-3.8361942332027064	3.264098467083439
-0.9832605683131186	-3.8360987744513166	3.264204582857378
-0.9832605683131186	-3.8360033156999265	3.2643106986608466
-0.9832605683131186	-3.8359078569485368	3.2644168144938437
-0.9832605683131186	-3.835812398197147	3.264522930356371
-0.9832605683131186	-3.8357169394457573	3.2646290462484275
-0.9832605683131186	-3.8356214806943676	3.2647351621700125
-0.9832605683131186	-3.835526021942978	3.2648412781211285
-0.9832605683131186	-3.8354305631915877	3.2649473941017737
-0.9832605683131186	-3.835335104440198	3.265053510111948
-0.9832605683131186	-3.8352396456888083	3.265159626151651
-0.9832605683131186	-3.8351441869374185	3.265265742220885
-0.9832605683131186	-3.835048728186029	3.2653718583196474
-0.9832605683131186	-3.834953269434639	3.265477974447938
-0.9832605683131186	-3.834857810683249	3.2655840906057607
-0.9832605683131186	-3.834762351931859	3.265690206793111
-0.9832605683131186	-3.8346668931804695	3.265796323009992
-0.9832605683131186	-3.8345714344290798	3.2659024392564016
-0.9832605683131186	-3.83447597567769	3.2660085555323413
-0.9832605683131186	-3.8343805169263003	3.2661146718378093
-0.9832605683131186	-3.83428505817491	3.2662207881728076
-0.9832605683131186	-3.8341895994235204	3.266326904537335
-0.9832605683131186	-3.8340941406721307	3.266433020931392
-0.9832605683131186	-3.833998681920741	3.266539137354978
-0.9832605683131186	-3.8339032231693513	3.266645253808094
-0.9832605683131186	-3.8338077644179616	3.2667513702907396
-0.9832605683131186	-3.8337123056665714	3.2668574868029143
-0.9832605683131186	-3.8336168469151817	3.2669636033446174
-0.9832605683131186	-3.833521388163792	3.2670697199158516
-0.9832605683131186	-3.8334259294124022	3.267175836516614
-0.9832605683131186	-3.8333304706610125	3.2672819531469077
-0.9832605683131186	-3.833235011909623	3.267388069806729
-0.9832605683131186	-3.833139553158233	3.267494186496081
-0.9832605683131186	-3.833044094406843	3.2676003032149614
-0.9832605683131186	-3.832948635655453	3.267706419963371
-0.9832605683131186	-3.8328531769040635	3.267812536741311
-0.9832605683131186	-3.8327577181526737	3.2679186535487803
-0.9832605683131186	-3.832662259401284	3.2680247703857788
-0.9832605683131186	-3.8325668006498943	3.2681308872523065
-0.9832605683131186	-3.832471341898504	3.2682370041483644
-0.9832605683131186	-3.8323758831471144	3.2683431210739515
-0.9832605683131186	-3.8322804243957247	3.268449238029067
-0.9832605683131186	-3.832184965644335	3.2685553550137127
-0.9832605683131186	-3.8320895068929453	3.2686614720278877
-0.9832605683131186	-3.8319940481415555	3.268767589071593
-0.9832605683131186	-3.8318985893901654	3.268873706144827
-0.9832605683131186	-3.8318031306387756	3.268979823247591
-0.9832605683131186	-3.831707671887386	3.2690859403798838
-0.9832605683131186	-3.831612213135996	3.269192057541705
-0.9832605683131186	-3.8315167543846065	3.2692981747330574
-0.9832605683131186	-3.8314212956332168	3.269404291953938
-0.9832605683131186	-3.8313258368818266	3.26951040920435
-0.9832605683131186	-3.831230378130437	3.26961652648429
-0.9832605683131186	-3.831134919379047	3.2697226437937594
-0.9832605683131186	-3.8310394606276574	3.269828761132758
-0.9832605683131186	-3.8309440018762677	3.269934878501286
-0.9832605683131186	-3.830848543124878	3.270040995899345
-0.9832605683131186	-3.830753084373488	3.2701471133269324
-0.9832605683131186	-3.830657625622098	3.270253230784049
-0.9832605683131186	-3.8305621668707084	3.270359348270695
-0.9832605683131186	-3.8304667081193187	3.270465465786871
-0.9832605683131186	-3.830371249367929	3.2705715833325755
-0.9832605683131186	-3.8302757906165392	3.27067770090781
-0.9832605683131186	-3.830180331865149	3.270783818512575
-0.9832605683131186	-3.8300848731137593	3.270889936146868
-0.9832605683131186	-3.8299894143623696	3.2709960538106913
-0.9832605683131186	-3.82989395561098	3.271102171504043
-0.9832605683131186	-3.82979849685959	3.2712082892269247
-0.9832605683131186	-3.8297030381082005	3.271314406979336
-0.9832605683131186	-3.8296075793568103	3.271420524761276
-0.9832605683131186	-3.8295121206054206	3.2715266425727467
-0.9832605683131186	-3.829416661854031	3.2716327604137456
-0.9832605683131186	-3.829321203102641	3.2717388782842756
-0.9832605683131186	-3.8292257443512514	3.271844996184333
-0.9832605683131186	-3.8291302855998617	3.2719511141139215
-0.9832605683131186	-3.8290348268484715	3.2720572320730392
-0.9832605683131186	-3.828939368097082	3.2721633500616853
-0.9832605683131186	-3.828843909345692	3.2722694680798616
-0.9832605683131186	-3.8287484505943024	3.272375586127567
-0.9832605683131186	-3.8286529918429126	3.272481704204802
-0.9832605683131186	-3.828557533091523	3.272587822311566
-0.9832605683131186	-3.828462074340133	3.2726939404478603
-0.9832605683131186	-3.828366615588743	3.272800058613684
-0.9832605683131186	-3.8282711568373533	3.2729061768090366
-0.9832605683131186	-3.8281756980859636	3.2730122950339187
-0.9832605683131186	-3.828080239334574	3.27311841328833
-0.9832605683131186	-3.827984780583184	3.2732245315722714
-0.9832605683131186	-3.8278893218317944	3.273330649885742
-0.9832605683131186	-3.8277938630804043	3.273436768228743
-0.9832605683131186	-3.8276984043290145	3.2735428866012715
-0.9832605683131186	-3.827602945577625	3.27364900500333
-0.9832605683131186	-3.827507486826235	3.2737551234349187
-0.9832605683131186	-3.8274120280748454	3.273861241896036
-0.9832605683131186	-3.8273165693234557	3.273967360386684
-0.9832605683131186	-3.8272211105720655	3.2740734789068604
-0.9832605683131186	-3.8271256518206758	3.274179597456567
-0.9832605683131186	-3.827030193069286	3.274285716035802
-0.9832605683131186	-3.8269347343178963	3.2743918346445673
-0.9832605683131186	-3.8268392755665066	3.2744979532828618
-0.9832605683131186	-3.826743816815117	3.2746040719506846
-0.9832605683131186	-3.8266483580637267	3.2747101906480385
-0.9832605683131186	-3.826552899312337	3.2748163093749207
-0.9832605683131186	-3.8264574405609473	3.274922428131334
-0.9832605683131186	-3.8263619818095576	3.275028546917275
-0.9832605683131186	-3.826266523058168	3.2751346657327467
-0.9832605683131186	-3.826171064306778	3.275240784577746
-0.9832605683131186	-3.826075605555388	3.2753469034522764
-0.9832605683131186	-3.8259801468039982	3.275453022356336
-0.9832605683131186	-3.8258846880526085	3.275559141289924
-0.9832605683131186	-3.825789229301219	3.275665260253043
-0.9832605683131186	-3.825693770549829	3.2757713792456906
-0.9832605683131186	-3.8255983117984393	3.2758774982678673
-0.9832605683131186	-3.825502853047049	3.275983617319574
-0.9832605683131186	-3.8254073942956595	3.2760897364008095
-0.9832605683131186	-3.8253119355442697	3.2761958555115758
-0.9832605683131186	-3.82521647679288	3.2763019746518705
-0.9832605683131186	-3.8251210180414903	3.2764080938216953
-0.9832605683131186	-3.8250255592901006	3.2765142130210485
-0.9832605683131186	-3.8249301005387104	3.276620332249932
-0.9832605683131186	-3.8248346417873207	3.2767264515083445
-0.9832605683131186	-3.824739183035931	3.2768325707962864
-0.9832605683131186	-3.8246437242845412	3.2769386901137576
-0.9832605683131186	-3.8245482655331515	3.277044809460759
-0.9832605683131186	-3.824452806781762	3.2771509288372895
-0.9832605683131186	-3.8243573480303716	3.2772570482433494
-0.9832605683131186	-3.824261889278982	3.2773631676789385
-0.9832605683131186	-3.824166430527592	3.277469287144057
-0.9832605683131186	-3.8240709717762025	3.2775754066387046
-0.9832605683131186	-3.8239755130248128	3.2776815261628824
-0.9832605683131186	-3.823880054273423	3.2777876457165895
-0.9832605683131186	-3.823784595522033	3.277893765299827
-0.9832605683131186	-3.823689136770643	3.2779998849125924
-0.9832605683131186	-3.8235936780192534	3.278106004554888
-0.9832605683131186	-3.8234982192678637	3.2782121242267124
-0.9832605683131186	-3.823402760516474	3.278318243928066
-0.9832605683131186	-3.8233073017650843	3.2784243636589503
-0.9832605683131186	-3.823211843013694	3.278530483419363
-0.9832605683131186	-3.8231163842623044	3.278636603209306
-0.9832605683131186	-3.8230209255109147	3.2787427230287776
-0.9832605683131186	-3.822925466759525	3.27884884287778
-0.9832605683131186	-3.822830008008135	3.27895496275631
-0.9832605683131186	-3.8227345492567455	3.27906108266437
-0.9832605683131186	-3.8226390905053558	3.2791672026019603
-0.9832605683131186	-3.8225436317539656	3.2792733225690798
-0.9832605683131186	-3.822448173002576	3.2793794425657286
-0.9832605683131186	-3.822352714251186	3.2794855625919057
-0.9832605683131186	-3.8222572554997964	3.279591682647614
-0.9832605683131186	-3.8221617967484067	3.2796978027328505
-0.9832605683131186	-3.822066337997017	3.2798039228476163
-0.9832605683131186	-3.821970879245627	3.2799100429919132
-0.9832605683131186	-3.821875420494237	3.2800161631657385
-0.9832605683131186	-3.8217799617428474	3.280122283369093
-0.9832605683131186	-3.8216845029914577	3.280228403601977
-0.9832605683131186	-3.821589044240068	3.280334523864391
-0.9832605683131186	-3.8214935854886782	3.280440644156333
-0.9832605683131186	-3.821398126737288	3.2805467644778057
-0.9832605683131186	-3.8213026679858983	3.2806528848288083
-0.9832605683131186	-3.8212072092345086	3.2807590052093394
-0.9832605683131186	-3.821111750483119	3.2808651256194006
-0.9832605683131186	-3.821016291731729	3.28097124605899
-0.9832605683131186	-3.8209208329803395	3.2810773665281108
-0.9832605683131186	-3.8208253742289493	3.2811834870267598
-0.9832605683131186	-3.8207299154775596	3.281289607554938
-0.9832605683131186	-3.82063445672617	3.2813957281126456
-0.9832605683131186	-3.82053899797478	3.2815018486998833
-0.9832605683131186	-3.8204435392233904	3.28160796931665
-0.9832605683131186	-3.8203480804720007	3.2817140899629464
-0.9832605683131186	-3.8202526217206105	3.281820210638773
-0.9832605683131186	-3.820157162969221	3.2819263313441276
-0.9832605683131186	-3.820061704217831	3.2820324520790116
-0.9832605683131186	-3.8199662454664414	3.282138572843426
-0.9832605683131186	-3.8198707867150516	3.2822446936373693
-0.9832605683131186	-3.819775327963662	3.282350814460843
-0.9832605683131186	-3.8196798692122718	3.282456935313845
-0.9832605683131186	-3.819584410460882	3.282563056196377
-0.9832605683131186	-3.8194889517094923	3.2826691771084384
-0.9832605683131186	-3.8193934929581026	3.282775298050028
-0.9832605683131186	-3.819298034206713	3.282881419021149
-0.9832605683131186	-3.819202575455323	3.2829875400217983
-0.9832605683131186	-3.819107116703933	3.2830936610519785
-0.9832605683131186	-3.8190116579525433	3.2831997821116863
-0.9832605683131186	-3.8189161992011535	3.283305903200924
-0.9832605683131186	-3.818820740449764	3.2834120243196914
-0.9832605683131186	-3.818725281698374	3.283518145467988
-0.9832605683131186	-3.8186298229469844	3.2836242666458144
-0.9832605683131186	-3.818534364195594	3.2837303878531703
-0.9832605683131186	-3.8184389054442045	3.2838365090900554
-0.9832605683131186	-3.818343446692815	3.28394263035647
-0.9832605683131186	-3.818247987941425	3.2840487516524144
-0.9832605683131186	-3.8181525291900353	3.2841548729778873
-0.9832605683131186	-3.8180570704386456	3.2842609943328895
-0.9832605683131186	-3.8179616116872555	3.284367115717423
-0.9832605683131186	-3.8178661529358657	3.2844732371314844
-0.9832605683131186	-3.817770694184476	3.2845793585750753
-0.9832605683131186	-3.8176752354330863	3.2846854800481955
-0.9832605683131186	-3.8175797766816966	3.2847916015508467
-0.9832605683131186	-3.817484317930307	3.2848977230830254
-0.9832605683131186	-3.8173888591789167	3.2850038446447343
-0.9832605683131186	-3.817293400427527	3.2851099662359733
-0.9832605683131186	-3.8171979416761372	3.2852160878567407
-0.9832605683131186	-3.8171024829247475	3.2853222095070382
-0.9832605683131186	-3.817007024173358	3.285428331186864
-0.9832605683131186	-3.816911565421968	3.285534452896221
-0.9832605683131186	-3.8168161066705784	3.2856405746351065
-0.9832605683131186	-3.816720647919188	3.285746696403521
-0.9832605683131186	-3.8166251891677985	3.285852818201466
-0.9832605683131186	-3.8165297304164087	3.28595894002894
-0.9832605683131186	-3.816434271665019	3.2860650618859433
-0.9832605683131186	-3.8163388129136293	3.286171183772476
-0.9832605683131186	-3.8162433541622396	3.2862773056885386
-0.9832605683131186	-3.8161478954108494	3.2863834276341306
-0.9832605683131186	-3.8160524366594597	3.286489549609252
-0.9832605683131186	-3.81595697790807	3.2865956716139015
-0.9832605683131186	-3.8158615191566803	3.2867017936480813
-0.9832605683131186	-3.8157660604052905	3.2868079157117913
-0.9832605683131186	-3.815670601653901	3.2869140378050297
-0.9832605683131186	-3.8155751429025107	3.287020159927799
-0.9832605683131186	-3.815479684151121	3.287126282080096
-0.9832605683131186	-3.815384225399731	3.287232404261924
-0.9832605683131186	-3.8152887666483415	3.28733852647328
-0.9832605683131186	-3.8151933078969518	3.2874446487141658
-0.9832605683131186	-3.815097849145562	3.2875507709845815
-0.9832605683131186	-3.815002390394172	3.2876568932845265
-0.9832605683131186	-3.814906931642782	3.2877630156140016
-0.9832605683131186	-3.8148114728913924	3.287869137973005
-0.9832605683131186	-3.8147160141400027	3.287975260361539
-0.9832605683131186	-3.814620555388613	3.288081382779601
-0.9832605683131186	-3.8145250966372233	3.2881875052271923
-0.9832605683131186	-3.814429637885833	3.2882936277043147
-0.9832605683131186	-3.8143341791344434	3.2883997502109654
-0.9832605683131186	-3.8142387203830537	3.2885058727471463
-0.9832605683131186	-3.814143261631664	3.2886119953128556
-0.9832605683131186	-3.8140478028802742	3.288718117908096
-0.9832605683131186	-3.8139523441288845	3.288824240532864
-0.9832605683131186	-3.8138568853774943	3.2889303631871627
-0.9832605683131186	-3.8137614266261046	3.28903648587099
-0.9832605683131186	-3.813665967874715	3.2891426085843474
-0.9832605683131186	-3.813570509123325	3.289248731327234
-0.9832605683131186	-3.8134750503719355	3.28935485409965
-0.9832605683131186	-3.8133795916205457	3.2894609769015952
-0.9832605683131186	-3.8132841328691556	3.2895670997330706
-0.9832605683131186	-3.813188674117766	3.2896732225940744
-0.9832605683131186	-3.813093215366376	3.2897793454846083
-0.9832605683131186	-3.8129977566149864	3.2898854684046714
-0.9832605683131186	-3.8129022978635967	3.289991591354264
-0.9832605683131186	-3.812806839112207	3.2900977143333856
-0.9832605683131186	-3.812711380360817	3.2902038373420384
-0.9832605683131186	-3.812615921609427	3.2903099603802186
-0.9832605683131186	-3.8125204628580374	3.290416083447929
-0.9832605683131186	-3.8124250041066476	3.2905222065451687
-0.9832605683131186	-3.812329545355258	3.2906283296719376
-0.9832605683131186	-3.812234086603868	3.2907344528282367
-0.9832605683131186	-3.812138627852478	3.290840576014065
-0.9832605683131186	-3.8120431691010883	3.2909466992294227
-0.9832605683131186	-3.8119477103496986	3.2910528224743096
-0.9832605683131186	-3.811852251598309	3.291158945748726
-0.9832605683131186	-3.811756792846919	3.291265069052672
-0.9832605683131186	-3.8116613340955294	3.291371192386147
-0.9832605683131186	-3.8115658753441393	3.2914773157491526
-0.9832605683131186	-3.8114704165927495	3.2915834391416867
-0.9832605683131186	-3.81137495784136	3.291689562563751
-0.9832605683131186	-3.81127949908997	3.2917956860153437
-0.9832605683131186	-3.8111840403385804	3.2919018094964656
-0.9832605683131186	-3.8110885815871907	3.2920079330071177
-0.9832605683131186	-3.810993122835801	3.292114056547299
-0.9832605683131186	-3.8108976640844108	3.2922201801170106
-0.9832605683131186	-3.810802205333021	3.2923263037162505
-0.9832605683131186	-3.8107067465816313	3.2924324273450205
-0.9832605683131186	-3.8106112878302416	3.292538551003319
-0.9832605683131186	-3.810515829078852	3.2926446746911475
-0.9832605683131186	-3.810420370327462	3.2927507984085063
-0.9832605683131186	-3.810324911576072	3.2928569221553934
-0.9832605683131186	-3.8102294528246823	3.2929630459318107
-0.9832605683131186	-3.8101339940732926	3.293069169737757
-0.9832605683131186	-3.810038535321903	3.293175293573233
-0.9832605683131186	-3.809943076570513	3.293281417438238
-0.9832605683131186	-3.8098476178191234	3.2933875413327725
-0.9832605683131186	-3.8097521590677332	3.293493665256837
-0.9832605683131186	-3.8096567003163435	3.2935997892104307
-0.9832605683131186	-3.809561241564954	3.2937059131935538
-0.9832605683131186	-3.809465782813564	3.293812037206206
-0.9832605683131186	-3.8093703240621744	3.2939181612483885
-0.9832605683131186	-3.8092748653107846	3.2940242853200994
-0.9832605683131186	-3.8091794065593945	3.2941304094213404
-0.9832605683131186	-3.8090839478080047	3.2942365335521107
-0.9832605683131186	-3.808988489056615	3.29434265771241
-0.9832605683131186	-3.8088930303052253	3.29444878190224
-0.9832605683131186	-3.8087975715538356	3.294554906121598
-0.9832605683131186	-3.808702112802446	3.294661030370486
-0.9832605683131186	-3.8086066540510557	3.2947671546489037
-0.9832605683131186	-3.808511195299666	3.2948732789568496
-0.9832605683131186	-3.8084157365482763	3.2949794032943265
-0.9832605683131186	-3.8083202777968865	3.295085527661332
-0.9832605683131186	-3.808224819045497	3.2951916520578672
-0.9832605683131186	-3.808129360294107	3.295297776483932
-0.9832605683131186	-3.808033901542717	3.295403900939527
-0.9832605683131186	-3.807938442791327	3.29551002542465
-0.9832605683131186	-3.8078429840399375	3.2956161499393026
-0.9832605683131186	-3.8077475252885478	3.2957222744834853
-0.9832605683131186	-3.807652066537158	3.2958283990571964
-0.9832605683131186	-3.8075566077857683	3.2959345236604385
-0.9832605683131186	-3.807461149034378	3.296040648293209
-0.9832605683131186	-3.8073656902829884	3.2961467729555096
-0.9832605683131186	-3.8072702315315987	3.2962528976473386
-0.9832605683131186	-3.807174772780209	3.296359022368697
-0.9832605683131186	-3.8070793140288193	3.2964651471195863
-0.9832605683131186	-3.8069838552774296	3.296571271900004
-0.9832605683131186	-3.8068883965260394	3.296677396709952
-0.9832605683131186	-3.8067929377746497	3.296783521549428
-0.9832605683131186	-3.80669747902326	3.2968896464184354
-0.9832605683131186	-3.8066020202718702	3.29699577131697
-0.9832605683131186	-3.8065065615204805	3.297101896245035
-0.9832605683131186	-3.806411102769091	3.2972080212026302
-0.9832605683131186	-3.8063156440177006	3.2973141461897537
-0.9832605683131186	-3.806220185266311	3.2974202712064073
-0.9832605683131186	-3.806124726514921	3.2975263962525903
-0.9832605683131186	-3.8060292677635315	3.2976325213283033
-0.9832605683131186	-3.8059338090121417	3.297738646433544
-0.9832605683131186	-3.805838350260752	3.2978447715683155
-0.9832605683131186	-3.805742891509362	3.2979508967326163
-0.9832605683131186	-3.805647432757972	3.2980570219264465
-0.9832605683131186	-3.8055519740065824	3.298163147149806
-0.9832605683131186	-3.8054565152551927	3.2982692724026945
-0.9832605683131186	-3.805361056503803	3.2983753976851133
-0.9832605683131186	-3.8052655977524132	3.2984815229970605
-0.9832605683131186	-3.8051701390010235	3.298587648338539
-0.9832605683131186	-3.8050746802496334	3.2986937737095454
-0.9832605683131186	-3.8049792214982436	3.2987998991100813
-0.9832605683131186	-3.804883762746854	3.2989060245401474
-0.9832605683131186	-3.804788303995464	3.299012149999742
-0.9832605683131186	-3.8046928452440745	3.2991182754888664
-0.9832605683131186	-3.8045973864926848	3.2992244010075202
-0.9832605683131186	-3.8045019277412946	3.2993305265557042
-0.9832605683131186	-3.804406468989905	3.2994366521334166
-0.9832605683131186	-3.804311010238515	3.2995427777406583
-0.9832605683131186	-3.8042155514871254	3.29964890337743
-0.9832605683131186	-3.8041200927357357	3.299755029043731
-0.9832605683131186	-3.804024633984346	3.2998611547395624
-0.9832605683131186	-3.803929175232956	3.299967280464922
-0.9832605683131186	-3.803833716481566	3.300073406219812
-0.9832605683131186	-3.8037382577301764	3.300179532004231
-0.9832605683131186	-3.8036427989787867	3.3002856578181783
-0.9832605683131186	-3.803547340227397	3.3003917836616568
-0.9832605683131186	-3.803451881476007	3.3004979095346636
-0.9832605683131186	-3.803356422724617	3.3006040354372006
-0.9832605683131186	-3.8032609639732273	3.300710161369267
-0.9832605683131186	-3.8031655052218376	3.3008162873308624
-0.9832605683131186	-3.803070046470448	3.300922413321987
-0.9832605683131186	-3.802974587719058	3.3010285393426413
-0.9832605683131186	-3.8028791289676684	3.3011346653928255
-0.9832605683131186	-3.8027836702162783	3.301240791472538
-0.9832605683131186	-3.8026882114648886	3.301346917581782
-0.9832605683131186	-3.802592752713499	3.301453043720554
-0.9832605683131186	-3.802497293962109	3.301559169888855
-0.9832605683131186	-3.8024018352107194	3.3016652960866857
-0.9832605683131186	-3.8023063764593297	3.3017714223140464
-0.9832605683131186	-3.8022109177079395	3.3018775485709373
-0.9832605683131186	-3.80211545895655	3.3019836748573557
-0.9832605683131186	-3.80202000020516	3.302089801173305
-0.9832605683131186	-3.8019245414537703	3.302195927518783
-0.9832605683131186	-3.8018290827023806	3.302302053893791
-0.9832605683131186	-3.801733623950991	3.302408180298327
-0.9832605683131186	-3.8016381651996007	3.3025143067323945
-0.9832605683131186	-3.801542706448211	3.3026204331959903
-0.9832605683131186	-3.8014472476968213	3.3027265596891153
-0.9832605683131186	-3.8013517889454316	3.3028326862117705
-0.9832605683131186	-3.801256330194042	3.302938812763955
-0.9832605683131186	-3.801160871442652	3.3030449393456687
-0.9832605683131186	-3.801065412691262	3.3031510659569125
-0.9832605683131186	-3.8009699539398722	3.303257192597685
-0.9832605683131186	-3.8008744951884825	3.303363319267987
-0.9832605683131186	-3.800779036437093	3.303469445967818
-0.9832605683131186	-3.800683577685703	3.303575572697179
-0.9832605683131186	-3.8005881189343134	3.303681699456069
-0.9832605683131186	-3.8004926601829236	3.3037878262444895
-0.9832605683131186	-3.8003972014315335	3.303893953062439
-0.9832605683131186	-3.8003017426801438	3.304000079909917
-0.9832605683131186	-3.800206283928754	3.3041062067869253
-0.9832605683131186	-3.8001108251773643	3.304212333693463
-0.9832605683131186	-3.8000153664259746	3.3043184606295304
-0.9832605683131186	-3.7999199076745844	3.3044245875951272
-0.9832605683131186	-3.7998244489231947	3.3045307145902534
-0.9832605683131186	-3.799728990171805	3.304636841614908
-0.9832605683131186	-3.7996335314204153	3.3047429686690926
-0.9832605683131186	-3.7995380726690255	3.3048490957528074
-0.9832605683131186	-3.799442613917636	3.3049552228660506
-0.9832605683131186	-3.799347155166246	3.305061350008824
-0.9832605683131186	-3.799251696414856	3.3051674771811266
-0.9832605683131186	-3.799156237663466	3.3052736043829594
-0.9832605683131186	-3.7990607789120765	3.3053797316143196
-0.9832605683131186	-3.7989653201606868	3.30548585887521
-0.9832605683131186	-3.798869861409297	3.3055919861656315
-0.9832605683131186	-3.7987744026579073	3.3056981134855805
-0.9832605683131186	-3.798678943906517	3.3058042408350605
-0.9832605683131186	-3.7985834851551274	3.305910368214069
-0.9832605683131186	-3.7984880264037377	3.3060164956226075
-0.9832605683131186	-3.798392567652348	3.3061226230606744
-0.9832605683131186	-3.7982971089009583	3.3062287505282706
-0.9832605683131186	-3.7982016501495686	3.306334878025398
-0.9832605683131186	-3.7981061913981784	3.3064410055520534
-0.9832605683131186	-3.7980107326467887	3.3065471331082392
-0.9832605683131186	-3.797915273895399	3.3066532606939534
-0.9832605683131186	-3.7978198151440092	3.3067593883091986
-0.9832605683131186	-3.7977243563926195	3.3068655159539713
-0.9832605683131186	-3.79762889764123	3.306971643628274
-0.9832605683131186	-3.7975334388898396	3.307077771332107
-0.9832605683131186	-3.79743798013845	3.3071838990654685
-0.9832605683131186	-3.79734252138706	3.307290026828361
-0.9832605683131186	-3.7972470626356705	3.307396154620781
-0.9832605683131186	-3.7971516038842807	3.307502282442732
-0.9832605683131186	-3.797056145132891	3.307608410294211
-0.9832605683131186	-3.796960686381501	3.3077145381752198
-0.9832605683131186	-3.796865227630111	3.3078206660857594
-0.9832605683131186	-3.7967697688787214	3.3079267940258266
-0.9832605683131186	-3.7966743101273317	3.3080329219954248
-0.9832605683131186	-3.796578851375942	3.3081390499945504
-0.9832605683131186	-3.7964833926245523	3.308245178023207
-0.9832605683131186	-3.796387933873162	3.308351306081393
-0.9832605683131186	-3.7962924751217724	3.3084574341691084
-0.9832605683131186	-3.7961970163703826	3.308563562286353
-0.9832605683131186	-3.796101557618993	3.3086696904331268
-0.9832605683131186	-3.796006098867603	3.3087758186094307
-0.9832605683131186	-3.7959106401162135	3.308881946815263
-0.9832605683131186	-3.7958151813648233	3.3089880750506264
-0.9832605683131186	-3.7957197226134336	3.309094203315518
-0.9832605683131186	-3.795624263862044	3.309200331609939
-0.9832605683131186	-3.795528805110654	3.3093064599338904
-0.9832605683131186	-3.7954333463592644	3.30941258828737
-0.9832605683131186	-3.7953378876078747	3.3095187166703797
-0.9832605683131186	-3.7952424288564846	3.3096248450829187
-0.9832605683131186	-3.795146970105095	3.309730973524988
-0.9832605683131186	-3.795051511353705	3.3098371019965853
-0.9832605683131186	-3.7949560526023154	3.309943230497712
-0.9832605683131186	-3.7948605938509257	3.310049359028369
-0.9832605683131186	-3.794765135099536	3.3101554875885553
-0.9832605683131186	-3.7946696763481462	3.3102616161782716
-0.9832605683131186	-3.794574217596756	3.3103677447975164
-0.9832605683131186	-3.7944787588453663	3.3104738734462913
-0.9832605683131186	-3.7943833000939766	3.3105800021245946
-0.9832605683131186	-3.794287841342587	3.310686130832429
-0.9832605683131186	-3.794192382591197	3.3107922595697916
-0.9832605683131186	-3.794096923839807	3.3108983883366836
-0.9832605683131186	-3.7940014650884173	3.3110045171331057
-0.9832605683131186	-3.7939060063370276	3.3111106459590562
-0.9832605683131186	-3.793810547585638	3.311216774814538
-0.9832605683131186	-3.793715088834248	3.3113229036995477
-0.9832605683131186	-3.7936196300828584	3.311429032614087
-0.9832605683131186	-3.7935241713314687	3.3115351615581554
-0.9832605683131186	-3.7934287125800785	3.311641290531754
-0.9832605683131186	-3.793333253828689	3.311747419534883
-0.9832605683131186	-3.793237795077299	3.311853548567539
-0.9832605683131186	-3.7931423363259094	3.3119596776297264
-0.9832605683131186	-3.7930468775745196	3.312065806721442
-0.9832605683131186	-3.79295141882313	3.312171935842688
-0.9832605683131186	-3.7928559600717398	3.312278064993463
-0.9832605683131186	-3.79276050132035	3.3123841941737675
-0.9832605683131186	-3.7926650425689603	3.312490323383602
-0.9832605683131186	-3.7925695838175706	3.312596452622965
-0.9832605683131186	-3.792474125066181	3.312702581891858
-0.9832605683131186	-3.792378666314791	3.3128087111902795
-0.9832605683131186	-3.792283207563401	3.312914840518232
-0.9832605683131186	-3.7921877488120113	3.313020969875713
-0.9832605683131186	-3.7920922900606215	3.313127099262723
-0.9832605683131186	-3.791996831309232	3.3132332286792634
-0.9832605683131186	-3.791901372557842	3.313339358125332
-0.9832605683131186	-3.7918059138064524	3.313445487600932
-0.9832605683131186	-3.791710455055062	3.31355161710606
-0.9832605683131186	-3.7916149963036725	3.313657746640718
-0.9832605683131186	-3.7915195375522828	3.313763876204905
-0.9832605683131186	-3.791424078800893	3.3138700057986217
-0.9832605683131186	-3.7913286200495033	3.3139761354218678
-0.9832605683131186	-3.7912331612981136	3.314082265074643
-0.9832605683131186	-3.7911377025467234	3.3141883947569486
-0.9832605683131186	-3.7910422437953337	3.3142945244687825
-0.9832605683131186	-3.790946785043944	3.3144006542101474
-0.9832605683131186	-3.7908513262925543	3.31450678398104
-0.9832605683131186	-3.7907558675411646	3.3146129137814624
-0.9832605683131186	-3.790660408789775	3.314719043611415
-0.9832605683131186	-3.7905649500383847	3.3148251734708962
-0.9832605683131186	-3.790469491286995	3.3149313033599075
-0.9832605683131186	-3.7903740325356052	3.315037433278448
-0.9832605683131186	-3.7902785737842155	3.315143563226518
-0.9832605683131186	-3.790183115032826	3.315249693204117
-0.9832605683131186	-3.790087656281436	3.3153558232112452
-0.9832605683131186	-3.789992197530046	3.3154619532479046
-0.9832605683131186	-3.789896738778656	3.3155680833140924
-0.9832605683131186	-3.7898012800272665	3.3156742134098094
-0.9832605683131186	-3.7897058212758767	3.3157803435350557
-0.9832605683131186	-3.789610362524487	3.315886473689832
-0.9832605683131186	-3.7895149037730973	3.315992603874137
-0.9832605683131186	-3.789419445021707	3.316098734087972
-0.9832605683131186	-3.7893239862703174	3.316204864331337
-0.9832605683131186	-3.7892285275189277	3.3163109946042297
-0.9832605683131186	-3.789133068767538	3.3164171249066534
-0.9832605683131186	-3.7890376100161482	3.3165232552386055
-0.9832605683131186	-3.7889421512647585	3.3166293856000886
-0.9832605683131186	-3.788846692513369	3.316735515991099
-0.9832605683131186	-3.7887512337619786	3.316841646411641
-0.9832605683131186	-3.788655775010589	3.3169477768617117
-0.9832605683131186	-3.788560316259199	3.317053907341311
-0.9832605683131186	-3.7884648575078095	3.3171600378504404
-0.9832605683131186	-3.7883693987564198	3.3172661683890983
-0.9832605683131186	-3.7882739400050296	3.317372298957288
-0.9832605683131186	-3.78817848125364	3.3174784295550053
-0.9832605683131186	-3.78808302250225	3.317584560182252
-0.9832605683131186	-3.7879875637508604	3.3176906908390285
-0.9832605683131186	-3.7878921049994707	3.3177968215253344
-0.9832605683131186	-3.787796646248081	3.3179029522411696
-0.9832605683131186	-3.7877011874966913	3.318009082986534
-0.9832605683131186	-3.787605728745301	3.3181152137614296
-0.9832605683131186	-3.7875102699939114	3.3182213445658526
-0.9832605683131186	-3.7874148112425217	3.318327475399805
-0.9832605683131186	-3.787319352491132	3.318433606263288
-0.9832605683131186	-3.787223893739742	3.3185397371563
-0.9832605683131186	-3.7871284349883525	3.3186458680788418
-0.9832605683131186	-3.7870329762369623	3.318751999030913
-0.9832605683131186	-3.7869375174855726	3.3188581300125133
-0.9832605683131186	-3.786842058734183	3.318964261023643
-0.9832605683131186	-3.786746599982793	3.319070392064301
-0.9832605683131186	-3.7866511412314035	3.31917652313449
-0.9832605683131186	-3.7865556824800137	3.3192826542342084
-0.9832605683131186	-3.7864602237286236	3.319388785363457
-0.9832605683131186	-3.786364764977234	3.319494916522233
-0.9832605683131186	-3.786269306225844	3.31960104771054
-0.9832605683131186	-3.7861738474744544	3.3197071789283754
-0.9832605683131186	-3.7860783887230647	3.31981331017574
-0.9832605683131186	-3.785982929971675	3.319919441452635
-0.9832605683131186	-3.785887471220285	3.320025572759059
-0.9832605683131186	-3.785792012468895	3.3201317040950133
-0.9832605683131186	-3.7856965537175054	3.320237835460496
-0.9832605683131186	-3.7856010949661156	3.320343966855509
-0.9832605683131186	-3.785505636214726	3.320450098280051
-0.9832605683131186	-3.785410177463336	3.3205562297341213
-0.9832605683131186	-3.785314718711946	3.320662361217723
-0.9832605683131186	-3.7852192599605563	3.3207684927308527
-0.9832605683131186	-3.7851238012091666	3.3208746242735128
-0.9832605683131186	-3.785028342457777	3.320980755845702
-0.9832605683131186	-3.784932883706387	3.3210868874474206
-0.9832605683131186	-3.7848374249549974	3.3211930190786685
-0.9832605683131186	-3.7847419662036073	3.3212991507394456
-0.9832605683131186	-3.7846465074522175	3.321405282429753
-0.9832605683131186	-3.784551048700828	3.3215114141495894
-0.9832605683131186	-3.784455589949438	3.321617545898955
-0.9832605683131186	-3.7843601311980484	3.3217236776778503
-0.9832605683131186	-3.7842646724466587	3.3218298094862755
-0.9832605683131186	-3.7841692136952685	3.321935941324229
-0.9832605683131186	-3.7840737549438788	3.322042073191712
-0.9832605683131186	-3.783978296192489	3.322148205088726
-0.9832605683131186	-3.7838828374410993	3.3222543370152673
-0.9832605683131186	-3.7837873786897096	3.3223604689713397
-0.9832605683131186	-3.78369191993832	3.3224666009569406
-0.9832605683131186	-3.7835964611869297	3.3225727329720725
-0.9832605683131186	-3.78350100243554	3.322678865016732
-0.9832605683131186	-3.7834055436841503	3.3227849970909213
-0.9832605683131186	-3.7833100849327606	3.322891129194641
-0.9832605683131186	-3.783214626181371	3.322997261327889
-0.9832605683131186	-3.783119167429981	3.3231033934906673
-0.9832605683131186	-3.7830237086785914	3.323209525682974
-0.9832605683131186	-3.7829282499272012	3.3233156579048115
-0.9832605683131186	-3.7828327911758115	3.3234217901561776
-0.9832605683131186	-3.782737332424422	3.3235279224370737
-0.9832605683131186	-3.782641873673032	3.3236340547474983
-0.9832605683131186	-3.7825464149216423	3.323740187087452
-0.9832605683131186	-3.7824509561702526	3.323846319456937
-0.9832605683131186	-3.7823554974188625	3.3239524518559502
-0.9832605683131186	-3.7822600386674727	3.3240585842844936
-0.9832605683131186	-3.782164579916083	3.3241647167425654
-0.9832605683131186	-3.7820691211646933	3.3242708492301682
-0.9832605683131186	-3.7819736624133036	3.3243769817472986
-0.9832605683131186	-3.781878203661914	3.324483114293959
-0.9832605683131186	-3.7817827449105237	3.3245892468701497
-0.9832605683131186	-3.781687286159134	3.3246953794758687
-0.9832605683131186	-3.7815918274077442	3.3248015121111187
-0.9832605683131186	-3.7814963686563545	3.3249076447758963
-0.9832605683131186	-3.781400909904965	3.325013777470205
-0.9832605683131186	-3.781305451153575	3.325119910194042
-0.9832605683131186	-3.781209992402185	3.325226042947408
-0.9832605683131186	-3.781114533650795	3.3253321757303045
-0.9832605683131186	-3.7810190748994055	3.32543830854273
-0.9832605683131186	-3.7809236161480158	3.325544441384685
-0.9832605683131186	-3.780828157396626	3.3256505742561693
-0.9832605683131186	-3.7807326986452363	3.3257567071571836
-0.9832605683131186	-3.780637239893846	3.3258628400877273
-0.9832605683131186	-3.7805417811424564	3.3259689730477993
-0.9832605683131186	-3.7804463223910667	3.3260751060374023
-0.9832605683131186	-3.780350863639677	3.3261812390565337
-0.9832605683131186	-3.7802554048882873	3.3262873721051953
-0.9832605683131186	-3.7801599461368975	3.3263935051833853
-0.9832605683131186	-3.7800644873855074	3.3264996382911063
-0.9832605683131186	-3.7799690286341177	3.326605771428355
-0.9832605683131186	-3.779873569882728	3.3267119045951334
-0.9832605683131186	-3.779778111131338	3.3268180377914423
-0.9832605683131186	-3.7796826523799485	3.3269241710172794
-0.9832605683131186	-3.7795871936285588	3.3270303042726477
-0.9832605683131186	-3.7794917348771686	3.3271364375575443
-0.9832605683131186	-3.779396276125779	3.32724257087197
-0.9832605683131186	-3.779300817374389	3.3273487042159253
-0.9832605683131186	-3.7792053586229994	3.3274548375894097
-0.9832605683131186	-3.7791098998716097	3.327560970992425
-0.9832605683131186	-3.77901444112022	3.327667104424968
-0.9832605683131186	-3.77891898236883	3.327773237887042
-0.9832605683131186	-3.77882352361744	3.3278793713786445
-0.9832605683131186	-3.7787280648660504	3.327985504899777
-0.9832605683131186	-3.7786326061146607	3.328091638450439
-0.9832605683131186	-3.778537147363271	3.328197772030629
-0.9832605683131186	-3.7784416886118812	3.3283039056403503
-0.9832605683131186	-3.778346229860491	3.3284100392796
-0.9832605683131186	-3.7782507711091013	3.3285161729483796
-0.9832605683131186	-3.7781553123577116	3.3286223066466887
-0.9832605683131186	-3.778059853606322	3.328728440374527
-0.9832605683131186	-3.777964394854932	3.3288345741318945
-0.9832605683131186	-3.7778689361035425	3.3289407079187914
-0.9832605683131186	-3.7777734773521523	3.3290468417352184
-0.9832605683131186	-3.7776780186007626	3.3291529755811737
-0.9832605683131186	-3.777582559849373	3.32925910945666
-0.9832605683131186	-3.777487101097983	3.329365243361674
-0.9832605683131186	-3.7773916423465934	3.329471377296219
-0.9832605683131186	-3.7772961835952037	3.3295775112602923
-0.9832605683131186	-3.777200724843814	3.329683645253895
-0.9832605683131186	-3.777105266092424	3.3297897792770286
-0.9832605683131186	-3.777009807341034	3.3298959133296906
-0.9832605683131186	-3.7769143485896444	3.330002047411882
-0.9832605683131186	-3.7768188898382546	3.3301081815236024
-0.9832605683131186	-3.776723431086865	3.330214315664854
-0.9832605683131186	-3.776627972335475	3.330320449835633
-0.9832605683131186	-3.776532513584085	3.3304265840359424
-0.9832605683131186	-3.7764370548326953	3.330532718265782
-0.9832605683131186	-3.7763415960813056	3.3306388525251496
-0.9832605683131186	-3.776246137329916	3.3307449868140475
-0.9832605683131186	-3.776150678578526	3.330851121132474
-0.9832605683131186	-3.7760552198271364	3.330957255480431
-0.9832605683131186	-3.7759597610757463	3.331063389857917
-0.9832605683131186	-3.7758643023243565	3.331169524264932
-0.9832605683131186	-3.775768843572967	3.331275658701477
-0.9832605683131186	-3.775673384821577	3.3313817931675507
-0.9832605683131186	-3.7755779260701874	3.3314879276631553
-0.9832605683131186	-3.7754824673187977	3.3315940621882874
-0.9832605683131186	-3.7753870085674075	3.3317001967429514
-0.9832605683131186	-3.7752915498160178	3.331806331327143
-0.9832605683131186	-3.775196091064628	3.3319124659408637
-0.9832605683131186	-3.7751006323132383	3.3320186005841155
-0.9832605683131186	-3.7750051735618486	3.332124735256895
-0.9832605683131186	-3.774909714810459	3.332230869959205
-0.9832605683131186	-3.7748142560590687	3.3323370046910448
-0.9832605683131186	-3.774718797307679	3.3324431394524137
-0.9832605683131186	-3.7746233385562893	3.332549274243311
-0.9832605683131186	-3.7745278798048996	3.3326554090637384
-0.9832605683131186	-3.77443242105351	3.332761543913696
-0.9832605683131186	-3.77433696230212	3.332867678793182
-0.9832605683131186	-3.77424150355073	3.332973813702198
-0.9832605683131186	-3.7741460447993402	3.3330799486407434
-0.9832605683131186	-3.7740505860479505	3.333186083608818
-0.9832605683131186	-3.773955127296561	3.333292218606422
-0.9832605683131186	-3.773859668545171	3.333398353633555
-0.9832605683131186	-3.7737642097937814	3.3335044886902185
-0.9832605683131186	-3.773668751042391	3.333610623776411
-0.9832605683131186	-3.7735732922910015	3.333716758892134
-0.9832605683131186	-3.7734778335396117	3.333822894037384
-0.9832605683131186	-3.773382374788222	3.3339290292121655
-0.9832605683131186	-3.7732869160368323	3.334035164416476
-0.9832605683131186	-3.7731914572854426	3.334141299650315
-0.9832605683131186	-3.7730959985340524	3.334247434913685
-0.9832605683131186	-3.7730005397826627	3.3343535702065834
-0.9832605683131186	-3.772905081031273	3.334459705529011
-0.9832605683131186	-3.7728096222798833	3.334565840880969
-0.9832605683131186	-3.7727141635284935	3.334671976262456
-0.9832605683131186	-3.772618704777104	3.3347781116734714
-0.9832605683131186	-3.7725232460257137	3.334884247114018
-0.9832605683131186	-3.772427787274324	3.3349903825840927
-0.9832605683131186	-3.772332328522934	3.335096518083698
-0.9832605683131186	-3.7722368697715445	3.335202653612832
-0.9832605683131186	-3.7721414110201548	3.3353087891714948
-0.9832605683131186	-3.772045952268765	3.3354149247596885
-0.9832605683131186	-3.771950493517375	3.3355210603774106
-0.9832605683131186	-3.771855034765985	3.335627196024663
-0.9832605683131186	-3.7717595760145954	3.3357333317014444
-0.9832605683131186	-3.7716641172632057	3.3358394674077543
-0.9832605683131186	-3.771568658511816	3.3359456031435952
-0.9832605683131186	-3.7714731997604263	3.3360517389089637
-0.9832605683131186	-3.7713777410090366	3.336157874703863
-0.9832605683131186	-3.7712822822576464	3.336264010528292
-0.9832605683131186	-3.7711868235062567	3.336370146382251
-0.9832605683131186	-3.771091364754867	3.3364762822657372
-0.9832605683131186	-3.7709959060034772	3.336582418178754
-0.9832605683131186	-3.7709004472520875	3.3366885541213005
-0.9832605683131186	-3.770804988500698	3.3367946900933756
-0.9832605683131186	-3.7707095297493076	3.3369008260949817
-0.9832605683131186	-3.770614070997918	3.3370069621261162
-0.9832605683131186	-3.770518612246528	3.33711309818678
-0.9832605683131186	-3.7704231534951385	3.337219234276973
-0.9832605683131186	-3.7703276947437487	3.3373253703966954
-0.9832605683131186	-3.770232235992359	3.337431506545949
-0.9832605683131186	-3.770136777240969	3.3375376427247305
-0.9832605683131186	-3.770041318489579	3.3376437789330424
-0.9832605683131186	-3.7699458597381894	3.337749915170882
-0.9832605683131186	-3.7698504009867997	3.337856051438253
-0.9832605683131186	-3.76975494223541	3.337962187735152
-0.9832605683131186	-3.7696594834840202	3.33806832406158
-0.9832605683131186	-3.76956402473263	3.33817446041754
-0.9832605683131186	-3.7694685659812404	3.3382805968030267
-0.9832605683131186	-3.7693731072298506	3.3383867332180452
-0.9832605683131186	-3.769277648478461	3.3384928696625913
-0.9832605683131186	-3.769182189727071	3.3385990061366675
-0.9832605683131186	-3.7690867309756815	3.338705142640273
-0.9832605683131186	-3.7689912722242913	3.3388112791734077
-0.9832605683131186	-3.7688958134729016	3.3389174157360726
-0.9832605683131186	-3.768800354721512	3.3390235523282668
-0.9832605683131186	-3.768704895970122	3.33912968894999
-0.9832605683131186	-3.7686094372187324	3.339235825601243
-0.9832605683131186	-3.7685139784673427	3.339341962282025
-0.9832605683131186	-3.7684185197159525	3.339448098992337
-0.9832605683131186	-3.768323060964563	3.3395542357321775
-0.9832605683131186	-3.768227602213173	3.339660372501549
-0.9832605683131186	-3.7681321434617834	3.339766509300448
-0.9832605683131186	-3.7680366847103937	3.339872646128878
-0.9832605683131186	-3.767941225959004	3.3399787829868366
-0.9832605683131186	-3.7678457672076138	3.340084919874326
-0.9832605683131186	-3.767750308456224	3.340191056791343
-0.9832605683131186	-3.7676548497048343	3.3402971937378902
-0.9832605683131186	-3.7675593909534446	3.3404033307139667
-0.9832605683131186	-3.767463932202055	3.3405094677195724
-0.9832605683131186	-3.767368473450665	3.340615604754709
-0.9832605683131186	-3.767273014699275	3.3407217418193733
-0.9832605683131186	-3.7671775559478853	3.3408278789135686
-0.9832605683131186	-3.7670820971964956	3.3409340160372922
-0.9832605683131186	-3.766986638445106	3.341040153190545
-0.9832605683131186	-3.766891179693716	3.341146290373328
-0.9832605683131186	-3.7667957209423264	3.3412524275856397
-0.9832605683131186	-3.7667002621909362	3.341358564827482
-0.9832605683131186	-3.7666048034395465	3.341464702098853
-0.9832605683131186	-3.766509344688157	3.341570839399754
-0.9832605683131186	-3.766413885936767	3.3416769767301835
-0.9832605683131186	-3.7663184271853773	3.341783114090142
-0.9832605683131186	-3.7662229684339876	3.341889251479632
-0.9832605683131186	-3.7661275096825975	3.34199538889865
-0.9832605683131186	-3.7660320509312077	3.3421015263471983
-0.9832605683131186	-3.765936592179818	3.342207663825275
-0.9832605683131186	-3.7658411334284283	3.3423138013328817
-0.9832605683131186	-3.7657456746770386	3.342419938870017
-0.9832605683131186	-3.765650215925649	3.342526076436682
-0.9832605683131186	-3.765554757174259	3.3426322140328777
-0.9832605683131186	-3.765459298422869	3.3427383516586016
-0.9832605683131186	-3.7653638396714793	3.3428444893138565
-0.9832605683131186	-3.7652683809200895	3.342950626998639
-0.9832605683131186	-3.7651729221687	3.3430567647129523
-0.9832605683131186	-3.76507746341731	3.3431629024567933
-0.9832605683131186	-3.7649820046659204	3.3432690402301644
-0.9832605683131186	-3.76488654591453	3.3433751780330665
-0.9832605683131186	-3.7647910871631405	3.343481315865497
-0.9832605683131186	-3.7646956284117508	3.343587453727457
-0.9832605683131186	-3.764600169660361	3.343693591618946
-0.9832605683131186	-3.7645047109089713	3.343799729539965
-0.9832605683131186	-3.7644092521575816	3.3439058674905127
-0.9832605683131186	-3.7643137934061914	3.3440120054705904
-0.9832605683131186	-3.7642183346548017	3.3441181434801974
-0.9832605683131186	-3.764122875903412	3.3442242815193337
-0.9832605683131186	-3.7640274171520223	3.344330419588
-0.9832605683131186	-3.7639319584006325	3.344436557686195
-0.9832605683131186	-3.763836499649243	3.34454269581392
-0.9832605683131186	-3.7637410408978527	3.344648833971175
-0.9832605683131186	-3.763645582146463	3.3447549721579577
-0.9832605683131186	-3.763550123395073	3.3448611103742714
-0.9832605683131186	-3.7634546646436835	3.3449672486201134
-0.9832605683131186	-3.763359205892294	3.3450733868954865
-0.9832605683131186	-3.763263747140904	3.345179525200387
-0.9832605683131186	-3.763168288389514	3.3452856635348187
-0.9832605683131186	-3.763072829638124	3.3453918018987787
-0.9832605683131186	-3.7629773708867345	3.345497940292268
-0.9832605683131186	-3.7628819121353447	3.3456040787152874
-0.9832605683131186	-3.762786453383955	3.345710217167836
-0.9832605683131186	-3.7626909946325653	3.345816355649915
-0.9832605683131186	-3.762595535881175	3.345922494161522
-0.9832605683131186	-3.7625000771297854	3.3460286327026596
-0.9832605683131186	-3.7624046183783957	3.3461347712733254
-0.9832605683131186	-3.762309159627006	3.3462409098735213
-0.9832605683131186	-3.7622137008756162	3.3463470485032465
-0.9832605683131186	-3.7621182421242265	3.346453187162501
-0.9832605683131186	-3.7620227833728364	3.3465593258512865
-0.9832605683131186	-3.7619273246214466	3.3466654645695995
-0.9832605683131186	-3.761831865870057	3.3467716033174426
-0.9832605683131186	-3.761736407118667	3.346877742094815
-0.9832605683131186	-3.7616409483672775	3.3469838809017167
-0.9832605683131186	-3.7615454896158877	3.3470900197381477
-0.9832605683131186	-3.7614500308644976	3.347196158604109
-0.9832605683131186	-3.761354572113108	3.3473022974996
-0.9832605683131186	-3.761259113361718	3.347408436424619
-0.9832605683131186	-3.7611636546103284	3.3475145753791686
-0.9832605683131186	-3.7610681958589387	3.347620714363247
-0.9832605683131186	-3.760972737107549	3.347726853376855
-0.9832605683131186	-3.7608772783561593	3.347832992419992
-0.9832605683131186	-3.760781819604769	3.3479391314926588
-0.9832605683131186	-3.7606863608533794	3.348045270594856
-0.9832605683131186	-3.7605909021019897	3.348151409726581
-0.9832605683131186	-3.7604954433506	3.3482575488878368
-0.9832605683131186	-3.76039998459921	3.3483636880786207
-0.9832605683131186	-3.76030452584782	3.3484698272989357
-0.9832605683131186	-3.7602090670964303	3.348575966548779
-0.9832605683131186	-3.7601136083450406	3.3486821058281517
-0.9832605683131186	-3.760018149593651	3.3487882451370545
-0.9832605683131186	-3.759922690842261	3.3488943844754857
-0.9832605683131186	-3.7598272320908714	3.349000523843448
-0.9832605683131186	-3.7597317733394817	3.3491066632409376
-0.9832605683131186	-3.7596363145880916	3.3492128026679593
-0.9832605683131186	-3.759540855836702	3.3493189421245084
-0.9832605683131186	-3.759445397085312	3.349425081610587
-0.9832605683131186	-3.7593499383339224	3.3495312211261954
-0.9832605683131186	-3.7592544795825327	3.349637360671333
-0.9832605683131186	-3.759159020831143	3.349743500246001
-0.9832605683131186	-3.759063562079753	3.3498496398501976
-0.9832605683131186	-3.758968103328363	3.349955779483925
-0.9832605683131186	-3.7588726445769733	3.35006191914718
-0.9832605683131186	-3.7587771858255836	3.350168058839965
-0.9832605683131186	-3.758681727074194	3.3502741985622793
-0.9832605683131186	-3.758586268322804	3.350380338314123
-0.9832605683131186	-3.758490809571414	3.3504864780954975
-0.9832605683131186	-3.7583953508200243	3.3505926179063996
-0.9832605683131186	-3.7582998920686346	3.350698757746833
-0.9832605683131186	-3.758204433317245	3.3508048976167943
-0.9832605683131186	-3.758108974565855	3.350911037516285
-0.9832605683131186	-3.7580135158144654	3.351017177445306
-0.9832605683131186	-3.7579180570630752	3.3511233174038564
-0.9832605683131186	-3.7578225983116855	3.351229457391936
-0.9832605683131186	-3.757727139560296	3.3513355974095447
-0.9832605683131186	-3.757631680808906	3.3514417374566836
-0.9832605683131186	-3.7575362220575164	3.351547877533351
-0.9832605683131186	-3.7574407633061266	3.3516540176395475
-0.9832605683131186	-3.7573453045547365	3.351760157775275
-0.9832605683131186	-3.7572498458033468	3.351866297940531
-0.9832605683131186	-3.757154387051957	3.3519724381353173
-0.9832605683131186	-3.7570589283005673	3.352078578359632
-0.9832605683131186	-3.7569634695491776	3.3521847186134766
-0.9832605683131186	-3.756868010797788	3.3522908588968505
-0.9832605683131186	-3.7567725520463977	3.3523969992097538
-0.9832605683131186	-3.756677093295008	3.352503139552187
-0.9832605683131186	-3.7565816345436183	3.352609279924149
-0.9832605683131186	-3.7564861757922285	3.352715420325641
-0.9832605683131186	-3.756390717040839	3.352821560756662
-0.9832605683131186	-3.756295258289449	3.3529277012172125
-0.9832605683131186	-3.756199799538059	3.353033841707293
-0.9832605683131186	-3.756104340786669	3.353139982226902
-0.9832605683131186	-3.7560088820352795	3.3532461227760413
-0.9832605683131186	-3.7559134232838898	3.353352263354709
-0.9832605683131186	-3.7558179645325	3.3534584039629074
-0.9832605683131186	-3.7557225057811103	3.3535645446006344
-0.9832605683131186	-3.75562704702972	3.3536706852678915
-0.9832605683131186	-3.7555315882783304	3.353776825964677
-0.9832605683131186	-3.7554361295269407	3.3538829666909926
-0.9832605683131186	-3.755340670775551	3.3539891074468375
-0.9832605683131186	-3.7552452120241613	3.3540952482322117
-0.9832605683131186	-3.7551497532727716	3.354201389047116
-0.9832605683131186	-3.755054294521382	3.354307529891549
-0.9832605683131186	-3.7549588357699917	3.3544136707655126
-0.9832605683131186	-3.754863377018602	3.354519811669004
-0.9832605683131186	-3.7547679182672122	3.3546259526020252
-0.9832605683131186	-3.7546724595158225	3.354732093564577
-0.9832605683131186	-3.754577000764433	3.3548382345566568
-0.9832605683131186	-3.7544815420130426	3.3549443755782677
-0.9832605683131186	-3.754386083261653	3.355050516629407
-0.9832605683131186	-3.754290624510263	3.3551566577100758
-0.9832605683131186	-3.7541951657588735	3.3552627988202737
-0.9832605683131186	-3.7540997070074837	3.355368939960001
-0.9832605683131186	-3.754004248256094	3.355475081129259
-0.9832605683131186	-3.7539087895047043	3.355581222328045
-0.9832605683131186	-3.753813330753314	3.3556873635563615
-0.9832605683131186	-3.7537178720019244	3.3557935048142067
-0.9832605683131186	-3.7536224132505347	3.355899646101582
-0.9832605683131186	-3.753526954499145	3.3560057874184857
-0.9832605683131186	-3.7534314957477553	3.3561119287649195
-0.9832605683131186	-3.7533360369963655	3.3562180701408826
-0.9832605683131186	-3.7532405782449754	3.356324211546376
-0.9832605683131186	-3.7531451194935856	3.3564303529813984
-0.9832605683131186	-3.753049660742196	3.3565364944459493
-0.9832605683131186	-3.752954201990806	3.3566426359400303
-0.9832605683131186	-3.7528587432394165	3.3567487774636406
-0.9832605683131186	-3.7527632844880268	3.3568549190167802
-0.9832605683131186	-3.7526678257366366	3.35696106059945
-0.9832605683131186	-3.752572366985247	3.357067202211649
-0.9832605683131186	-3.752476908233857	3.3571733438533773
-0.9832605683131186	-3.7523814494824674	3.357279485524635
-0.9832605683131186	-3.7522859907310777	3.3573856272254217
-0.9832605683131186	-3.752190531979688	3.3574917689557378
-0.9832605683131186	-3.752095073228298	3.357597910715584
-0.9832605683131186	-3.751999614476908	3.3577040525049595
-0.9832605683131186	-3.7519041557255184	3.3578101943238643
-0.9832605683131186	-3.7518086969741287	3.3579163361722992
-0.9832605683131186	-3.751713238222739	3.3580224780502625
-0.9832605683131186	-3.7516177794713492	3.358128619957756
-0.9832605683131186	-3.751522320719959	3.3582347618947788
-0.9832605683131186	-3.7514268619685693	3.35834090386133
-0.9832605683131186	-3.7513314032171796	3.358447045857412
-0.9832605683131186	-3.75123594446579	3.3585531878830226
-0.9832605683131186	-3.7511404857144	3.3586593299381633
-0.9832605683131186	-3.7510450269630105	3.3587654720228324
-0.9832605683131186	-3.7509495682116203	3.3588716141370325
-0.9832605683131186	-3.7508541094602306	3.358977756280761
-0.9832605683131186	-3.750758650708841	3.359083898454019
-0.9832605683131186	-3.750663191957451	3.3591900406568067
-0.9832605683131186	-3.7505677332060614	3.359296182889123
-0.9832605683131186	-3.7504722744546717	3.3594023251509695
-0.9832605683131186	-3.7503768157032815	3.359508467442346
-0.9832605683131186	-3.750281356951892	3.359614609763251
-0.9832605683131186	-3.750185898200502	3.3597207521136854
-0.9832605683131186	-3.7500904394491124	3.3598268944936507
-0.9832605683131186	-3.7499949806977226	3.3599330369031435
-0.9832605683131186	-3.749899521946333	3.3600391793421664
-0.9832605683131186	-3.7498040631949427	3.3601453218107196
-0.9832605683131186	-3.749708604443553	3.360251464308801
-0.9832605683131186	-3.7496131456921633	3.3603576068364127
-0.9832605683131186	-3.7495176869407736	3.3604637493935536
-0.9832605683131186	-3.749422228189384	3.360569891980224
-0.9832605683131186	-3.749326769437994	3.3606760345964233
-0.9832605683131186	-3.7492313106866044	3.360782177242152
-0.9832605683131186	-3.7491358519352143	3.3608883199174118
-0.9832605683131186	-3.7490403931838245	3.360994462622199
-0.9832605683131186	-3.748944934432435	3.3611006053565173
-0.9832605683131186	-3.748849475681045	3.361206748120363
-0.9832605683131186	-3.7487540169296554	3.36131289091374
-0.9832605683131186	-3.7486585581782657	3.361419033736645
-0.9832605683131186	-3.7485630994268755	3.3615251765890806
-0.9832605683131186	-3.7484676406754858	3.361631319471046
-0.9832605683131186	-3.748372181924096	3.36173746238254
-0.9832605683131186	-3.7482767231727063	3.361843605323563
-0.9832605683131186	-3.7481812644213166	3.3619497482941165
-0.9832605683131186	-3.748085805669927	3.362055891294199
-0.9832605683131186	-3.7479903469185367	3.362162034323811
-0.9832605683131186	-3.747894888167147	3.362268177382952
-0.9832605683131186	-3.7477994294157573	3.3623743204716225
-0.9832605683131186	-3.7477039706643676	3.362480463589823
-0.9832605683131186	-3.747608511912978	3.362586606737553
-0.9832605683131186	-3.747513053161588	3.362692749914811
-0.9832605683131186	-3.747417594410198	3.3627988931216004
-0.9832605683131186	-3.7473221356588082	3.362905036357918
-0.9832605683131186	-3.7472266769074185	3.363011179623765
-0.9832605683131186	-3.747131218156029	3.363117322919143
-0.9832605683131186	-3.747035759404639	3.3632234662440483
-0.9832605683131186	-3.7469403006532493	3.363329609598485
-0.9832605683131186	-3.746844841901859	3.3634357529824497
-0.9832605683131186	-3.7467493831504695	3.3635418963959447
-0.9832605683131186	-3.7466539243990797	3.363648039838968
-0.9832605683131186	-3.74655846564769	3.3637541833115217
-0.9832605683131186	-3.7464630068963003	3.3638603268136045
-0.9832605683131186	-3.7463675481449106	3.3639664703452166
-0.9832605683131186	-3.7462720893935204	3.364072613906359
-0.9832605683131186	-3.7461766306421307	3.3641787574970303
-0.9832605683131186	-3.746081171890741	3.364284901117231
-0.9832605683131186	-3.7459857131393512	3.364391044766961
-0.9832605683131186	-3.7458902543879615	3.3644971884462196
-0.9832605683131186	-3.745794795636572	3.364603332155009
-0.9832605683131186	-3.7456993368851816	3.364709475893328
-0.9832605683131186	-3.745603878133792	3.364815619661176
-0.9832605683131186	-3.745508419382402	3.364921763458553
-0.9832605683131186	-3.7454129606310125	3.3650279072854605
-0.9832605683131186	-3.7453175018796228	3.3651340511418955
-0.9832605683131186	-3.745222043128233	3.3652401950278614
-0.9832605683131186	-3.745126584376843	3.3653463389433567
-0.9832605683131186	-3.745031125625453	3.365452482888381
-0.9832605683131186	-3.7449356668740634	3.365558626862936
-0.9832605683131186	-3.7448402081226737	3.365664770867019
-0.9832605683131186	-3.744744749371284	3.365770914900632
-0.9832605683131186	-3.7446492906198943	3.3658770589637736
-0.9832605683131186	-3.744553831868504	3.3659832030564454
-0.9832605683131186	-3.7444583731171144	3.3660893471786473
-0.9832605683131186	-3.7443629143657247	3.3661954913303767
-0.9832605683131186	-3.744267455614335	3.366301635511637
-0.9832605683131186	-3.744171996862945	3.3664077797224268
-0.9832605683131186	-3.7440765381115555	3.3665139239627457
-0.9832605683131186	-3.7439810793601653	3.366620068232594
-0.9832605683131186	-3.7438856206087756	3.3667262125319715
-0.9832605683131186	-3.743790161857386	3.366832356860879
-0.9832605683131186	-3.743694703105996	3.366938501219315
-0.9832605683131186	-3.7435992443546064	3.3670446456072822
-0.9832605683131186	-3.7435037856032167	3.367150790024777
-0.9832605683131186	-3.743408326851827	3.3672569344718024
-0.9832605683131186	-3.743312868100437	3.3673630789483573
-0.9832605683131186	-3.743217409349047	3.3674692234544406
-0.9832605683131186	-3.7431219505976574	3.367575367990054
-0.9832605683131186	-3.7430264918462677	3.3676815125551967
-0.9832605683131186	-3.742931033094878	3.3677876571498695
-0.9832605683131186	-3.7428355743434882	3.3678938017740707
-0.9832605683131186	-3.742740115592098	3.367999946427802
-0.9832605683131186	-3.7426446568407084	3.3681060911110627
-0.9832605683131186	-3.7425491980893186	3.3682122358238518
-0.9832605683131186	-3.742453739337929	3.368318380566172
-0.9832605683131186	-3.742358280586539	3.3684245253380203
-0.9832605683131186	-3.7422628218351495	3.368530670139399
-0.9832605683131186	-3.7421673630837593	3.3686368149703068
-0.9832605683131186	-3.7420719043323696	3.368742959830744
-0.9832605683131186	-3.74197644558098	3.3688491047207103
-0.9832605683131186	-3.74188098682959	3.368955249640206
-0.9832605683131186	-3.7417855280782004	3.369061394589232
-0.9832605683131186	-3.7416900693268107	3.369167539567786
-0.9832605683131186	-3.7415946105754205	3.3692736845758713
-0.9832605683131186	-3.741499151824031	3.369379829613485
-0.9832605683131186	-3.741403693072641	3.3694859746806287
-0.9832605683131186	-3.7413082343212514	3.369592119777301
-0.9832605683131186	-3.7412127755698616	3.3696982649035023
-0.9832605683131186	-3.741117316818472	3.369804410059234
-0.9832605683131186	-3.7410218580670818	3.3699105552444957
-0.9832605683131186	-3.740926399315692	3.3700167004592867
-0.9832605683131186	-3.7408309405643023	3.370122845703606
-0.9832605683131186	-3.7407354818129126	3.3702289909774557
-0.9832605683131186	-3.740640023061523	3.3703351362808336
-0.9832605683131186	-3.740544564310133	3.3704412816137417
-0.9832605683131186	-3.740449105558743	3.37054742697618
-0.9832605683131186	-3.7403536468073533	3.3706535723681466
-0.9832605683131186	-3.7402581880559636	3.3707597177896433
-0.9832605683131186	-3.740162729304574	3.3708658632406694
-0.9832605683131186	-3.740067270553184	3.3709720087212247
-0.9832605683131186	-3.7399718118017944	3.3710781542313093
-0.9832605683131186	-3.7398763530504042	3.371184299770924
-0.9832605683131186	-3.7397808942990145	3.371290445340068
-0.9832605683131186	-3.739685435547625	3.3713965909387404
-0.9832605683131186	-3.739589976796235	3.371502736566944
-0.9832605683131186	-3.7394945180448453	3.371608882224675
-0.9832605683131186	-3.7393990592934556	3.371715027911937
-0.9832605683131186	-3.7393036005420655	3.371821173628728
-0.9832605683131186	-3.7392081417906757	3.3719273193750485
-0.9832605683131186	-3.739112683039286	3.3720334651508983
-0.9832605683131186	-3.7390172242878963	3.3721396109562773
-0.9832605683131186	-3.7389217655365066	3.3722457567911857
-0.9832605683131186	-3.738826306785117	3.3723519026556232
-0.9832605683131186	-3.738730848033727	3.372458048549592
-0.9832605683131186	-3.738635389282337	3.372564194473089
-0.9832605683131186	-3.7385399305309472	3.372670340426115
-0.9832605683131186	-3.7384444717795575	3.3727764864086707
-0.9832605683131186	-3.738349013028168	3.3728826324207555
-0.9832605683131186	-3.738253554276778	3.3729887784623713
-0.9832605683131186	-3.738158095525388	3.3730949245335156
-0.9832605683131186	-3.738062636773998	3.373201070634189
-0.9832605683131186	-3.7379671780226085	3.373307216764392
-0.9832605683131186	-3.7378717192712188	3.3734133629241247
-0.9832605683131186	-3.737776260519829	3.373519509113386
-0.9832605683131186	-3.7376808017684393	3.3736256553321775
-0.9832605683131186	-3.7375853430170496	3.3737318015804982
-0.9832605683131186	-3.7374898842656594	3.373837947858349
-0.9832605683131186	-3.7373944255142697	3.3739440941657293
-0.9832605683131186	-3.73729896676288	3.374050240502638
-0.9832605683131186	-3.7372035080114903	3.3741563868690765
-0.9832605683131186	-3.7371080492601005	3.3742625332650444
-0.9832605683131186	-3.7370125905087104	3.3743686796905417
-0.9832605683131186	-3.7369171317573207	3.374474826145569
-0.9832605683131186	-3.736821673005931	3.374580972630125
-0.9832605683131186	-3.736726214254541	3.3746871191442116
-0.9832605683131186	-3.7366307555031515	3.374793265687826
-0.9832605683131186	-3.7365352967517618	3.3748994122609712
-0.9832605683131186	-3.736439838000372	3.375005558863645
-0.9832605683131186	-3.736344379248982	3.375111705495849
-0.9832605683131186	-3.736248920497592	3.375217852157582
-0.9832605683131186	-3.7361534617462024	3.3753239988488444
-0.9832605683131186	-3.7360580029948127	3.375430145569636
-0.9832605683131186	-3.735962544243423	3.375536292319957
-0.9832605683131186	-3.7358670854920333	3.375642439099808
-0.9832605683131186	-3.735771626740643	3.3757485859091885
-0.9832605683131186	-3.7356761679892534	3.375854732748098
-0.9832605683131186	-3.7355807092378637	3.375960879616537
-0.9832605683131186	-3.735485250486474	3.376067026514505
-0.9832605683131186	-3.7353897917350842	3.3761731734420035
-0.9832605683131186	-3.7352943329836945	3.376279320399031
-0.9832605683131186	-3.7351988742323043	3.376385467385589
-0.9832605683131186	-3.7351034154809146	3.376491614401674
-0.9832605683131186	-3.735007956729525	3.3765977614472895
-0.9832605683131186	-3.734912497978135	3.376703908522435
-0.9832605683131186	-3.7348170392267455	3.376810055627109
-0.9832605683131186	-3.7347215804753557	3.376916202761314
-0.9832605683131186	-3.7346261217239656	3.3770223499250474
-0.9832605683131186	-3.734530662972576	3.377128497118311
-0.9832605683131186	-3.734435204221186	3.3772346443411028
-0.9832605683131186	-3.7343397454697964	3.377340791593424
-0.9832605683131186	-3.7342442867184067	3.3774469388752753
-0.9832605683131186	-3.734148827967017	3.377553086186656
-0.9832605683131186	-3.734053369215627	3.3776592335275666
-0.9832605683131186	-3.733957910464237	3.3777653808980057
-0.9832605683131186	-3.7338624517128474	3.377871528297975
-0.9832605683131186	-3.7337669929614576	3.3779776757274735
-0.9832605683131186	-3.733671534210068	3.3780838231865005
-0.9832605683131186	-3.733576075458678	3.3781899706750584
-0.9832605683131186	-3.733480616707288	3.3782961181931457
-0.9832605683131186	-3.7333851579558983	3.378402265740762
-0.9832605683131186	-3.7332896992045086	3.378508413317907
-0.9832605683131186	-3.733194240453119	3.378614560924583
-0.9832605683131186	-3.733098781701729	3.3787207085607864
-0.9832605683131186	-3.7330033229503394	3.37882685622652
-0.9832605683131186	-3.7329078641989497	3.3789330039217838
-0.9832605683131186	-3.7328124054475595	3.3790391516465768
-0.9832605683131186	-3.73271694669617	3.3791452994009
-0.9832605683131186	-3.73262148794478	3.3792514471847506
-0.9832605683131186	-3.7325260291933904	3.3793575949981323
-0.9832605683131186	-3.7324305704420007	3.3794637428410423
-0.9832605683131186	-3.7323351116906105	3.3795698907134826
-0.9832605683131186	-3.7322396529392208	3.379676038615453
-0.9832605683131186	-3.732144194187831	3.379782186546951
-0.9832605683131186	-3.7320487354364413	3.3798883345079798
-0.9832605683131186	-3.7319532766850516	3.379994482498537
-0.9832605683131186	-3.731857817933662	3.3801006305186245
-0.9832605683131186	-3.731762359182272	3.3802067785682413
-0.9832605683131186	-3.731666900430882	3.3803129266473873
-0.9832605683131186	-3.7315714416794923	3.3804190747560634
-0.9832605683131186	-3.7314759829281026	3.380525222894268
-0.9832605683131186	-3.731380524176713	3.3806313710620026
-0.9832605683131186	-3.731285065425323	3.3807375192592666
-0.9832605683131186	-3.7311896066739334	3.38084366748606
-0.9832605683131186	-3.7310941479225432	3.380949815742383
-0.9832605683131186	-3.7309986891711535	3.381055964028235
-0.9832605683131186	-3.730903230419764	3.381162112343617
-0.9832605683131186	-3.730807771668374	3.381268260688527
-0.9832605683131186	-3.7307123129169844	3.3813744090629685
-0.9832605683131186	-3.7306168541655946	3.3814805574669373
-0.9832605683131186	-3.7305213954142045	3.381586705900438
-0.9832605683131186	-3.7304259366628147	3.3816928543634663
-0.9832605683131186	-3.730330477911425	3.381799002856024
-0.9832605683131186	-3.7302350191600353	3.3819051513781124
-0.9832605683131186	-3.7301395604086456	3.3820112999297294
-0.9832605683131186	-3.730044101657256	3.3821174485108765
-0.9832605683131186	-3.7299486429058657	3.382223597121552
-0.9832605683131186	-3.729853184154476	3.3823297457617585
-0.9832605683131186	-3.7297577254030863	3.3824358944314925
-0.9832605683131186	-3.7296622666516965	3.3825420431307567
-0.9832605683131186	-3.729566807900307	3.382648191859551
-0.9832605683131186	-3.729471349148917	3.3827543406178737
-0.9832605683131186	-3.729375890397527	3.3828604894057275
-0.9832605683131186	-3.729280431646137	3.3829666382231087
-0.9832605683131186	-3.7291849728947475	3.383072787070021
-0.9832605683131186	-3.7290895141433578	3.3831789359464617
-0.9832605683131186	-3.728994055391968	3.3832850848524316
-0.9832605683131186	-3.7288985966405783	3.3833912337879317
-0.9832605683131186	-3.728803137889188	3.383497382752961
-0.9832605683131186	-3.7287076791377984	3.3836035317475206
-0.9832605683131186	-3.7286122203864087	3.3837096807716076
-0.9832605683131186	-3.728516761635019	3.3838158298252257
-0.9832605683131186	-3.7284213028836293	3.383921978908373
-0.9832605683131186	-3.7283258441322396	3.3840281280210496
-0.9832605683131186	-3.7282303853808494	3.3841342771632554
-0.9832605683131186	-3.7281349266294597	3.3842404263349906
-0.9832605683131186	-3.72803946787807	3.384346575536256
-0.9832605683131186	-3.7279440091266802	3.3844527247670495
-0.9832605683131186	-3.7278485503752905	3.384558874027374
-0.9832605683131186	-3.727753091623901	3.3846650233172264
-0.9832605683131186	-3.7276576328725106	3.3847711726366096
-0.9832605683131186	-3.727562174121121	3.3848773219855213
-0.9832605683131186	-3.727466715369731	3.384983471363963
-0.9832605683131186	-3.7273712566183415	3.385089620771934
-0.9832605683131186	-3.7272757978669517	3.3851957702094335
-0.9832605683131186	-3.727180339115562	3.385301919676464
-0.9832605683131186	-3.7270848803641723	3.385408069173023
-0.9832605683131186	-3.726989421612782	3.3855142186991127
-0.9832605683131186	-3.7268939628613924	3.38562036825473
-0.9832605683131186	-3.7267985041100027	3.3857265178398777
-0.9832605683131186	-3.726703045358613	3.3858326674545545
-0.9832605683131186	-3.7266075866072232	3.3859388170987605
-0.9832605683131186	-3.726512127855833	3.3860449667724977
-0.9832605683131186	-3.7264166691044434	3.3861511164757623
-0.9832605683131186	-3.7263212103530536	3.386257266208558
-0.9832605683131186	-3.726225751601664	3.386363415970881
-0.9832605683131186	-3.726130292850274	3.3864695657627344
-0.9832605683131186	-3.7260348340988845	3.386575715584118
-0.9832605683131186	-3.7259393753474948	3.3866818654350306
-0.9832605683131186	-3.7258439165961046	3.3867880153154735
-0.9832605683131186	-3.725748457844715	3.386894165225444
-0.9832605683131186	-3.725652999093325	3.3870003151649453
-0.9832605683131186	-3.7255575403419354	3.387106465133975
-0.9832605683131186	-3.7254620815905457	3.387212615132534
-0.9832605683131186	-3.725366622839156	3.3873187651606242
-0.9832605683131186	-3.725271164087766	3.3874249152182427
-0.9832605683131186	-3.725175705336376	3.3875310653053914
-0.9832605683131186	-3.7250802465849864	3.3876372154220684
-0.9832605683131186	-3.7249847878335967	3.3877433655682756
-0.9832605683131186	-3.724889329082207	3.387849515744011
-0.9832605683131186	-3.724793870330817	3.387955665949277
-0.9832605683131186	-3.724698411579427	3.3880618161840728
-0.9832605683131186	-3.7246029528280373	3.388167966448397
-0.9832605683131186	-3.7245074940766476	3.3882741167422514
-0.9832605683131186	-3.724412035325258	3.388380267065635
-0.9832605683131186	-3.724316576573868	3.388486417418548
-0.9832605683131186	-3.7242211178224784	3.3885925678009903
-0.9832605683131186	-3.7241256590710883	3.3886987182129626
-0.9832605683131186	-3.7240302003196986	3.3888048686544643
-0.9832605683131186	-3.723934741568309	3.3889110191254943
-0.9832605683131186	-3.723839282816919	3.3890171696260545
-0.9832605683131186	-3.7237438240655294	3.389123320156144
-0.9832605683131186	-3.7236483653141397	3.3892294707157635
-0.9832605683131186	-3.7235529065627495	3.3893356213049124
-0.9832605683131186	-3.72345744781136	3.3894417719235896
-0.9832605683131186	-3.72336198905997	3.389547922571798
-0.9832605683131186	-3.7232665303085803	3.3896540732495337
-0.9832605683131186	-3.7231710715571906	3.3897602239568005
-0.9832605683131186	-3.723075612805801	3.3898663746935958
-0.9832605683131186	-3.7229801540544107	3.389972525459922
-0.9832605683131186	-3.722884695303021	3.3900786762557757
-0.9832605683131186	-3.7227892365516313	3.3901848270811596
-0.9832605683131186	-3.7226937778002416	3.3902909779360737
-0.9832605683131186	-3.722598319048852	3.390397128820516
-0.9832605683131186	-3.722502860297462	3.3905032797344887
-0.9832605683131186	-3.722407401546072	3.3906094306779906
-0.9832605683131186	-3.7223119427946822	3.3907155816510226
-0.9832605683131186	-3.7222164840432925	3.390821732653583
-0.9832605683131186	-3.722121025291903	3.3909278836856727
-0.9832605683131186	-3.722025566540513	3.3910340347472925
-0.9832605683131186	-3.7219301077891234	3.3911401858384407
-0.9832605683131186	-3.721834649037733	3.39124633695912
-0.9832605683131186	-3.7217391902863435	3.3913524881093275
-0.9832605683131186	-3.7216437315349538	3.3914586392890653
-0.9832605683131186	-3.721548272783564	3.3915647904983315
-0.9832605683131186	-3.7214528140321743	3.391670941737128
-0.9832605683131186	-3.7213573552807846	3.3917770930054534
-0.9832605683131186	-3.721261896529395	3.3918832443033082
-0.9832605683131186	-3.7211664377780047	3.391989395630694
-0.9832605683131186	-3.721070979026615	3.3920955469876075
-0.9832605683131186	-3.7209755202752253	3.392201698374051
-0.9832605683131186	-3.7208800615238355	3.392307849790024
-0.9832605683131186	-3.720784602772446	3.392414001235525
-0.9832605683131186	-3.7206891440210557	3.392520152710558
-0.9832605683131186	-3.720593685269666	3.392626304215119
-0.9832605683131186	-3.720498226518276	3.3927324557492096
-0.9832605683131186	-3.7204027677668865	3.3928386073128296
-0.9832605683131186	-3.7203073090154968	3.392944758905979
-0.9832605683131186	-3.720211850264107	3.3930509105286575
-0.9832605683131186	-3.7201163915127173	3.3931570621808653
-0.9832605683131186	-3.720020932761327	3.393263213862604
-0.9832605683131186	-3.7199254740099374	3.3933693655738715
-0.9832605683131186	-3.7198300152585477	3.393475517314668
-0.9832605683131186	-3.719734556507158	3.393581669084994
-0.9832605683131186	-3.7196390977557683	3.3936878208848498
-0.9832605683131186	-3.7195436390043786	3.393793972714234
-0.9832605683131186	-3.7194481802529884	3.3939001245731486
-0.9832605683131186	-3.7193527215015987	3.3940062764615933
-0.9832605683131186	-3.719257262750209	3.3941124283795663
-0.9832605683131186	-3.7191618039988192	3.3942185803270695
-0.9832605683131186	-3.7190663452474295	3.394324732304101
-0.9832605683131186	-3.71897088649604	3.3944308843106636
-0.9832605683131186	-3.7188754277446496	3.3945370363467546
-0.9832605683131186	-3.71877996899326	3.394643188412375
-0.9832605683131186	-3.71868451024187	3.3947493405075244
-0.9832605683131186	-3.7185890514904805	3.394855492632204
-0.9832605683131186	-3.7184935927390907	3.394961644786413
-0.9832605683131186	-3.718398133987701	3.3950677969701513
-0.9832605683131186	-3.718302675236311	3.3951739491834196
-0.9832605683131186	-3.718207216484921	3.3952801014262164
-0.9832605683131186	-3.7181117577335314	3.3953862536985424
-0.9832605683131186	-3.7180162989821417	3.3954924060003986
-0.9832605683131186	-3.717920840230752	3.395598558331784
-0.9832605683131186	-3.7178253814793623	3.3957047106926996
-0.9832605683131186	-3.717729922727972	3.3958108630831436
-0.9832605683131186	-3.7176344639765824	3.3959170155031178
-0.9832605683131186	-3.7175390052251926	3.396023167952621
-0.9832605683131186	-3.717443546473803	3.396129320431654
-0.9832605683131186	-3.717348087722413	3.3962354729402158
-0.9832605683131186	-3.7172526289710235	3.396341625478307
-0.9832605683131186	-3.7171571702196333	3.3964477780459283
-0.9832605683131186	-3.7170617114682436	3.396553930643079
-0.9832605683131186	-3.716966252716854	3.396660083269759
-0.9832605683131186	-3.716870793965464	3.396766235925968
-0.9832605683131186	-3.7167753352140744	3.3968723886117074
-0.9832605683131186	-3.7166798764626847	3.396978541326975
-0.9832605683131186	-3.7165844177112946	3.397084694071772
-0.9832605683131186	-3.716488958959905	3.3971908468461
-0.9832605683131186	-3.716393500208515	3.3972969996499565
-0.9832605683131186	-3.7162980414571254	3.397403152483342
-0.9832605683131186	-3.7162025827057357	3.397509305346257
-0.9832605683131186	-3.716107123954346	3.397615458238703
-0.9832605683131186	-3.716011665202956	3.3977216111606774
-0.9832605683131186	-3.715916206451566	3.39782776411218
-0.9832605683131186	-3.7158207477001763	3.397933917093214
-0.9832605683131186	-3.7157252889487866	3.398040070103776
-0.9832605683131186	-3.715629830197397	3.3981462231438684
-0.9832605683131186	-3.715534371446007	3.39825237621349
-0.9832605683131186	-3.7154389126946175	3.398358529312641
-0.9832605683131186	-3.7153434539432273	3.398464682441321
-0.9832605683131186	-3.7152479951918376	3.3985708355995303
-0.9832605683131186	-3.715152536440448	3.3986769887872708
