1.6182764177121967
1.6183854225909193
1.618494427469642
1.6186034323483647
1.6187124372270874
1.61882144210581
1.6189304469845327
1.6190394518632554
1.619148456741978
1.6192574616207007
1.6193664664994234
1.619475471378146
1.6195844762568687
1.6196934811355914
1.619802486014314
1.6199114908930368
1.6200204957717594
1.6201295006504823
1.620238505529205
1.6203475104079277
1.6204565152866504
1.620565520165373
1.6206745250440957
1.6207835299228184
1.620892534801541
1.6210015396802637
1.6211105445589864
1.621219549437709
1.6213285543164317
1.6214375591951544
1.621546564073877
1.6216555689525998
1.6217645738313224
1.6218735787100451
1.6219825835887678
1.6220915884674905
1.6222005933462131
1.6223095982249358
1.6224186031036585
1.6225276079823812
1.6226366128611038
1.6227456177398265
1.6228546226185492
1.6229636274972719
1.6230726323759945
1.6231816372547172
1.6232906421334399
1.6233996470121625
1.6235086518908852
1.623617656769608
1.6237266616483308
1.6238356665270535
1.6239446714057761
1.6240536762844988
1.6241626811632215
1.6242716860419442
1.6243806909206668
1.6244896957993895
1.6245987006781122
1.6247077055568349
1.6248167104355575
1.6249257153142802
1.6250347201930029
1.6251437250717256
1.6252527299504482
1.625361734829171
1.6254707397078936
1.6255797445866162
1.625688749465339
1.6257977543440616
1.6259067592227843
1.626015764101507
1.6261247689802296
1.6262337738589523
1.626342778737675
1.6264517836163976
1.6265607884951203
1.626669793373843
1.6267787982525657
1.6268878031312883
1.626996808010011
1.6271058128887337
1.6272148177674566
1.6273238226461793
1.627432827524902
1.6275418324036246
1.6276508372823473
1.62775984216107
1.6278688470397926
1.6279778519185153
1.628086856797238
1.6281958616759606
1.6283048665546833
1.628413871433406
1.6285228763121287
1.6286318811908513
1.628740886069574
1.6288498909482967
1.6289588958270194
1.629067900705742
1.6291769055844647
1.6292859104631874
1.62939491534191
1.6295039202206327
1.6296129250993554
1.629721929978078
1.6298309348568008
1.6299399397355234
1.630048944614246
1.6301579494929688
1.6302669543716914
1.6303759592504141
1.6304849641291368
1.6305939690078595
1.6307029738865821
1.630811978765305
1.6309209836440277
1.6310299885227504
1.631138993401473
1.6312479982801957
1.6313570031589184
1.631466008037641
1.6315750129163638
1.6316840177950864
1.631793022673809
1.6319020275525318
1.6320110324312544
1.6321200373099771
1.6322290421886998
1.6323380470674225
1.6324470519461451
1.6325560568248678
1.6326650617035905
1.6327740665823132
1.6328830714610358
1.6329920763397585
1.6331010812184812
1.6332100860972039
1.6333190909759265
1.6334280958546492
1.6335371007333719
1.6336461056120946
1.6337551104908172
1.63386411536954
1.6339731202482626
1.6340821251269853
1.634191130005708
1.6343001348844308
1.6344091397631535
1.6345181446418762
1.6346271495205988
1.6347361543993215
1.6348451592780442
1.6349541641567669
1.6350631690354895
1.6351721739142122
1.6352811787929349
1.6353901836716576
1.6354991885503802
1.635608193429103
1.6357171983078256
1.6358262031865483
1.635935208065271
1.6360442129439936
1.6361532178227163
1.636262222701439
1.6363712275801616
1.6364802324588843
1.636589237337607
1.6366982422163296
1.6368072470950523
1.636916251973775
1.6370252568524977
1.6371342617312203
1.637243266609943
1.6373522714886657
1.6374612763673884
1.637570281246111
1.6376792861248337
1.6377882910035564
1.6378972958822793
1.638006300761002
1.6381153056397246
1.6382243105184473
1.63833331539717
1.6384423202758926
1.6385513251546153
1.638660330033338
1.6387693349120607
1.6388783397907833
1.638987344669506
1.6390963495482287
1.6392053544269514
1.639314359305674
1.6394233641843967
1.6395323690631194
1.639641373941842
1.6397503788205647
1.6398593836992874
1.63996838857801
1.6400773934567328
1.6401863983354554
1.640295403214178
1.6404044080929008
1.6405134129716235
1.6406224178503461
1.6407314227290688
1.6408404276077915
1.6409494324865141
1.6410584373652368
1.6411674422439595
1.6412764471226822
1.6413854520014048
1.6414944568801277
1.6416034617588504
1.641712466637573
1.6418214715162958
1.6419304763950184
1.642039481273741
1.6421484861524638
1.6422574910311865
1.6423664959099091
1.6424755007886318
1.6425845056673545
1.6426935105460772
1.6428025154247998
1.6429115203035225
1.6430205251822452
1.6431295300609678
1.6432385349396905
1.6433475398184132
1.6434565446971359
1.6435655495758585
1.6436745544545812
1.643783559333304
1.6438925642120266
1.6440015690907492
1.644110573969472
1.6442195788481946
1.6443285837269173
1.64443758860564
1.6445465934843626
1.6446555983630853
1.644764603241808
1.6448736081205306
1.6449826129992533
1.6450916178779762
1.6452006227566989
1.6453096276354215
1.6454186325141442
1.645527637392867
1.6456366422715896
1.6457456471503122
1.645854652029035
1.6459636569077576
1.6460726617864803
1.646181666665203
1.6462906715439256
1.6463996764226483
1.646508681301371
1.6466176861800936
1.6467266910588163
1.646835695937539
1.6469447008162617
1.6470537056949843
1.647162710573707
1.6472717154524297
1.6473807203311523
1.647489725209875
1.6475987300885977
1.6477077349673204
1.647816739846043
1.6479257447247657
1.6480347496034884
1.648143754482211
1.6482527593609337
1.6483617642396564
1.648470769118379
1.648579773997102
1.6486887788758247
1.6487977837545473
1.64890678863327
1.6490157935119927
1.6491247983907154
1.649233803269438
1.6493428081481607
1.6494518130268834
1.649560817905606
1.6496698227843287
1.6497788276630514
1.649887832541774
1.6499968374204967
1.6501058422992194
1.650214847177942
1.6503238520566648
1.6504328569353874
1.6505418618141101
1.6506508666928328
1.6507598715715555
1.6508688764502781
1.6509778813290008
1.6510868862077235
1.6511958910864462
1.6513048959651688
1.6514139008438915
1.6515229057226142
1.6516319106013369
1.6517409154800595
1.6518499203587822
1.6519589252375049
1.6520679301162278
1.6521769349949504
1.6522859398736731
1.6523949447523958
1.6525039496311185
1.6526129545098411
1.6527219593885638
1.6528309642672865
1.6529399691460092
1.6530489740247318
1.6531579789034545
1.6532669837821772
1.6533759886608999
1.6534849935396225
1.6535939984183452
1.6537030032970679
1.6538120081757905
1.6539210130545132
1.654030017933236
1.6541390228119586
1.6542480276906812
1.654357032569404
1.6544660374481266
1.6545750423268493
1.654684047205572
1.6547930520842946
1.6549020569630173
1.65501106184174
1.6551200667204626
1.6552290715991853
1.655338076477908
1.6554470813566307
1.6555560862353533
1.6556650911140762
1.655774095992799
1.6558831008715216
1.6559921057502442
1.656101110628967
1.6562101155076896
1.6563191203864123
1.656428125265135
1.6565371301438576
1.6566461350225803
1.656755139901303
1.6568641447800256
1.6569731496587483
1.657082154537471
1.6571911594161937
1.6573001642949163
1.657409169173639
1.6575181740523617
1.6576271789310844
1.657736183809807
1.6578451886885297
1.6579541935672524
1.658063198445975
1.6581722033246977
1.6582812082034204
1.658390213082143
1.6584992179608657
1.6586082228395884
1.658717227718311
1.6588262325970338
1.6589352374757564
1.6590442423544791
1.6591532472332018
1.6592622521119247
1.6593712569906474
1.65948026186937
1.6595892667480927
1.6596982716268154
1.659807276505538
1.6599162813842607
1.6600252862629834
1.660134291141706
1.6602432960204287
1.6603523008991514
1.660461305777874
1.6605703106565968
1.6606793155353194
1.6607883204140421
1.6608973252927648
1.6610063301714875
1.6611153350502101
1.6612243399289328
1.6613333448076555
1.6614423496863782
1.6615513545651008
1.6616603594438235
1.6617693643225462
1.6618783692012689
1.6619873740799915
1.6620963789587142
1.6622053838374369
1.6623143887161596
1.6624233935948822
1.662532398473605
1.6626414033523276
1.6627504082310502
1.6628594131097731
1.6629684179884958
1.6630774228672185
1.6631864277459412
1.6632954326246638
1.6634044375033865
1.6635134423821092
1.6636224472608319
1.6637314521395545
1.6638404570182772
1.6639494618969999
1.6640584667757226
1.6641674716544452
1.664276476533168
1.6643854814118906
1.6644944862906133
1.664603491169336
1.6647124960480586
1.6648215009267813
1.664930505805504
1.6650395106842266
1.6651485155629493
1.665257520441672
1.6653665253203946
1.6654755301991173
1.66558453507784
1.6656935399565627
1.6658025448352853
1.665911549714008
1.6660205545927307
1.6661295594714534
1.666238564350176
1.6663475692288987
1.6664565741076216
1.6665655789863443
1.666674583865067
1.6667835887437896
1.6668925936225123
1.667001598501235
1.6671106033799576
1.6672196082586803
1.667328613137403
1.6674376180161257
1.6675466228948483
1.667655627773571
1.6677646326522937
1.6678736375310164
1.667982642409739
1.6680916472884617
1.6682006521671844
1.668309657045907
1.6684186619246297
1.6685276668033524
1.668636671682075
1.6687456765607978
1.6688546814395204
1.668963686318243
1.6690726911969658
1.6691816960756884
1.6692907009544111
1.6693997058331338
1.6695087107118565
1.6696177155905791
1.6697267204693018
1.6698357253480247
1.6699447302267474
1.67005373510547
1.6701627399841927
1.6702717448629154
1.670380749741638
1.6704897546203608
1.6705987594990834
1.670707764377806
1.6708167692565288
1.6709257741352515
1.6710347790139741
1.6711437838926968
1.6712527887714195
1.6713617936501421
1.6714707985288648
1.6715798034075875
1.6716888082863102
1.6717978131650328
1.6719068180437555
1.6720158229224782
1.6721248278012009
1.6722338326799235
1.6723428375586462
1.6724518424373689
1.6725608473160916
1.6726698521948142
1.672778857073537
1.6728878619522596
1.6729968668309823
1.673105871709705
1.6732148765884276
1.6733238814671503
1.6734328863458732
1.6735418912245958
1.6736508961033185
1.6737599009820412
1.6738689058607639
1.6739779107394865
1.6740869156182092
1.6741959204969319
1.6743049253756546
1.6744139302543772
1.6745229351331
1.6746319400118226
1.6747409448905453
1.674849949769268
1.6749589546479906
1.6750679595267133
1.675176964405436
1.6752859692841586
1.6753949741628813
1.675503979041604
1.6756129839203266
1.6757219887990493
1.675830993677772
1.6759399985564947
1.6760490034352173
1.67615800831394
1.6762670131926627
1.6763760180713854
1.676485022950108
1.6765940278288307
1.6767030327075534
1.676812037586276
1.6769210424649987
1.6770300473437216
1.6771390522224443
1.677248057101167
1.6773570619798897
1.6774660668586123
1.677575071737335
1.6776840766160577
1.6777930814947803
1.677902086373503
1.6780110912522257
1.6781200961309484
1.678229101009671
1.6783381058883937
1.6784471107671164
1.678556115645839
1.6786651205245617
1.6787741254032844
1.678883130282007
1.6789921351607298
1.6791011400394524
1.679210144918175
1.6793191497968978
1.6794281546756205
1.6795371595543431
1.6796461644330658
1.6797551693117885
1.6798641741905112
1.6799731790692338
1.6800821839479565
1.6801911888266792
1.6803001937054018
1.6804091985841245
1.6805182034628472
1.68062720834157
1.6807362132202928
1.6808452180990154
1.680954222977738
1.6810632278564608
1.6811722327351835
1.6812812376139061
1.6813902424926288
1.6814992473713515
1.6816082522500742
1.6817172571287968
1.6818262620075195
1.6819352668862422
1.6820442717649648
1.6821532766436875
1.6822622815224102
1.6823712864011329
1.6824802912798555
1.6825892961585782
1.682698301037301
1.6828073059160236
1.6829163107947462
1.683025315673469
1.6831343205521916
1.6832433254309143
1.683352330309637
1.6834613351883596
1.6835703400670823
1.683679344945805
1.6837883498245276
1.6838973547032503
1.6840063595819732
1.6841153644606957
1.6842243693394185
1.6843333742181412
1.684442379096864
1.6845513839755866
1.6846603888543092
1.684769393733032
1.6848783986117546
1.6849874034904773
1.6850964083692
1.6852054132479226
1.6853144181266453
1.685423423005368
1.6855324278840906
1.6856414327628133
1.685750437641536
1.6858594425202587
1.6859684473989813
1.686077452277704
1.6861864571564267
1.6862954620351494
1.686404466913872
1.6865134717925947
1.6866224766713174
1.68673148155004
1.6868404864287627
1.6869494913074854
1.687058496186208
1.6871675010649307
1.6872765059436534
1.687385510822376
1.6874945157010988
1.6876035205798217
1.687712525458544
1.687821530337267
1.6879305352159897
1.6880395400947124
1.688148544973435
1.6882575498521577
1.6883665547308804
1.688475559609603
1.6885845644883257
1.6886935693670484
1.688802574245771
1.6889115791244937
1.6890205840032164
1.689129588881939
1.6892385937606618
1.6893475986393844
1.6894566035181071
1.6895656083968298
1.6896746132755525
1.6897836181542751
1.6898926230329978
1.6900016279117205
1.6901106327904432
1.6902196376691658
1.6903286425478885
1.6904376474266112
1.6905466523053339
1.6906556571840565
1.6907646620627792
1.6908736669415019
1.6909826718202245
1.6910916766989472
1.6912006815776701
1.6913096864563926
1.6914186913351155
1.6915276962138381
1.6916367010925608
1.6917457059712835
1.6918547108500062
1.6919637157287288
1.6920727206074515
1.6921817254861742
1.6922907303648969
1.6923997352436195
1.6925087401223422
1.6926177450010649
1.6927267498797876
1.6928357547585102
1.692944759637233
1.6930537645159556
1.6931627693946782
1.693271774273401
1.6933807791521236
1.6934897840308463
1.693598788909569
1.6937077937882916
1.6938167986670143
1.693925803545737
1.6940348084244596
1.6941438133031823
1.694252818181905
1.6943618230606277
1.6944708279393503
1.694579832818073
1.6946888376967957
1.6947978425755186
1.6949068474542412
1.695015852332964
1.6951248572116866
1.6952338620904093
1.695342866969132
1.6954518718478546
1.6955608767265773
1.6956698816053
1.6957788864840226
1.6958878913627453
1.695996896241468
1.6961059011201907
1.6962149059989133
1.696323910877636
1.6964329157563587
1.6965419206350814
1.696650925513804
1.6967599303925267
1.6968689352712494
1.696977940149972
1.6970869450286947
1.6971959499074174
1.69730495478614
1.6974139596648627
1.6975229645435854
1.697631969422308
1.6977409743010308
1.6978499791797534
1.6979589840584761
1.6980679889371988
1.6981769938159215
1.6982859986946441
1.698395003573367
1.6985040084520897
1.6986130133308124
1.698722018209535
1.6988310230882577
1.6989400279669804
1.699049032845703
1.6991580377244258
1.6992670426031484
1.699376047481871
1.6994850523605938
1.6995940572393164
1.6997030621180391
1.6998120669967618
1.6999210718754845
1.7000300767542071
1.7001390816329298
1.7002480865116525
1.7003570913903752
1.7004660962690978
1.7005751011478205
1.7006841060265432
1.7007931109052659
1.7009021157839885
1.7010111206627112
1.7011201255414339
1.7012291304201566
1.7013381352988792
1.701447140177602
1.7015561450563246
1.7016651499350472
1.7017741548137701
1.7018831596924926
1.7019921645712155
1.7021011694499382
1.7022101743286608
1.7023191792073835
1.7024281840861062
1.7025371889648289
1.7026461938435515
1.7027551987222742
1.7028642036009969
1.7029732084797196
1.7030822133584422
1.703191218237165
1.7033002231158876
1.7034092279946103
1.703518232873333
1.7036272377520556
1.7037362426307783
1.703845247509501
1.7039542523882236
1.7040632572669463
1.704172262145669
1.7042812670243916
1.7043902719031143
1.704499276781837
1.7046082816605597
1.7047172865392823
1.704826291418005
1.7049352962967277
1.7050443011754504
1.705153306054173
1.7052623109328957
1.7053713158116186
1.705480320690341
1.705589325569064
1.7056983304477866
1.7058073353265093
1.705916340205232
1.7060253450839546
1.7061343499626773
1.7062433548414
1.7063523597201227
1.7064613645988453
1.706570369477568
1.7066793743562907
1.7067883792350134
1.706897384113736
1.7070063889924587
1.7071153938711814
1.707224398749904
1.7073334036286267
1.7074424085073494
1.707551413386072
1.7076604182647948
1.7077694231435174
1.70787842802224
1.7079874329009628
1.7080964377796855
1.7082054426584081
1.7083144475371308
1.7084234524158535
1.7085324572945761
1.7086414621732988
1.7087504670520215
1.7088594719307442
1.708968476809467
1.7090774816881895
1.7091864865669124
1.709295491445635
1.7094044963243578
1.7095135012030804
1.709622506081803
1.7097315109605258
1.7098405158392485
1.7099495207179711
1.7100585255966938
1.7101675304754165
1.7102765353541391
1.7103855402328618
1.7104945451115845
1.7106035499903072
1.7107125548690298
1.7108215597477525
1.7109305646264752
1.7110395695051979
1.7111485743839205
1.7112575792626432
1.7113665841413659
1.7114755890200886
1.7115845938988112
1.711693598777534
1.7118026036562566
1.7119116085349793
1.712020613413702
1.7121296182924246
1.7122386231711473
1.71234762804987
1.7124566329285926
1.7125656378073155
1.7126746426860382
1.7127836475647609
1.7128926524434835
1.7130016573222062
1.713110662200929
1.7132196670796516
1.7133286719583742
1.713437676837097
1.7135466817158196
1.7136556865945423
1.713764691473265
1.7138736963519876
1.7139827012307103
1.714091706109433
1.7142007109881556
1.7143097158668783
1.714418720745601
1.7145277256243237
1.7146367305030463
1.714745735381769
1.7148547402604917
1.7149637451392143
1.715072750017937
1.7151817548966597
1.7152907597753824
1.715399764654105
1.7155087695328277
1.7156177744115504
1.715726779290273
1.7158357841689957
1.7159447890477184
1.716053793926441
1.716162798805164
1.7162718036838867
1.7163808085626093
1.716489813441332
1.7165988183200547
1.7167078231987773
1.7168168280775
1.7169258329562227
1.7170348378349454
1.717143842713668
1.7172528475923907
1.7173618524711134
1.717470857349836
1.7175798622285587
1.7176888671072814
1.717797871986004
1.7179068768647268
1.7180158817434494
1.718124886622172
1.7182338915008948
1.7183428963796175
1.7184519012583401
1.7185609061370628
1.7186699110157855
1.7187789158945082
1.7188879207732308
1.7189969256519535
1.7191059305306762
1.7192149354093988
1.7193239402881215
1.7194329451668442
1.7195419500455669
1.7196509549242895
1.7197599598030124
1.7198689646817351
1.7199779695604578
1.7200869744391805
1.7201959793179031
1.7203049841966258
1.7204139890753485
1.7205229939540712
1.7206319988327938
1.7207410037115165
1.7208500085902392
1.7209590134689619
1.7210680183476845
1.7211770232264072
1.7212860281051299
1.7213950329838525
1.7215040378625752
1.721613042741298
1.7217220476200206
1.7218310524987432
1.721940057377466
1.7220490622561886
1.7221580671349113
1.722267072013634
1.7223760768923566
1.7224850817710793
1.722594086649802
1.7227030915285246
1.7228120964072473
1.72292110128597
1.7230301061646927
1.7231391110434156
1.723248115922138
1.723357120800861
1.7234661256795836
1.7235751305583062
1.723684135437029
1.7237931403157516
1.7239021451944743
1.724011150073197
1.7241201549519196
1.7242291598306423
1.724338164709365
1.7244471695880876
1.7245561744668103
1.724665179345533
1.7247741842242557
1.7248831891029783
1.724992193981701
1.7251011988604237
1.7252102037391464
1.725319208617869
1.7254282134965917
1.7255372183753144
1.725646223254037
1.7257552281327597
1.7258642330114824
1.725973237890205
1.7260822427689277
1.7261912476476504
1.726300252526373
1.7264092574050958
1.7265182622838184
1.7266272671625411
1.726736272041264
1.7268452769199865
1.7269542817987094
1.727063286677432
1.7271722915561547
1.7272812964348774
1.7273903013136
1.7274993061923227
1.7276083110710454
1.727717315949768
1.7278263208284907
1.7279353257072134
1.728044330585936
1.7281533354646588
1.7282623403433814
1.7283713452221041
1.7284803501008268
1.7285893549795495
1.7286983598582721
1.7288073647369948
1.7289163696157175
1.7290253744944402
1.7291343793731628
1.7292433842518855
1.7293523891306082
1.7294613940093309
1.7295703988880535
1.7296794037667762
1.7297884086454989
1.7298974135242215
1.7300064184029442
1.730115423281667
1.7302244281603896
1.7303334330391125
1.730442437917835
1.7305514427965578
1.7306604476752805
1.7307694525540032
1.7308784574327258
1.7309874623114485
1.7310964671901712
1.7312054720688939
1.7313144769476165
1.7314234818263392
1.7315324867050619
1.7316414915837846
1.7317504964625072
1.73185950134123
1.7319685062199526
1.7320775110986752
1.732186515977398
1.7322955208561206
1.7324045257348433
1.732513530613566
1.7326225354922886
1.7327315403710113
1.732840545249734
1.7329495501284566
1.7330585550071793
1.733167559885902
1.7332765647646247
1.7333855696433473
1.73349457452207
1.7336035794007927
1.7337125842795154
1.733821589158238
1.733930594036961
1.7340395989156836
1.7341486037944063
1.734257608673129
1.7343666135518516
1.7344756184305743
1.734584623309297
1.7346936281880196
1.7348026330667423
1.734911637945465
1.7350206428241877
1.7351296477029103
1.735238652581633
1.7353476574603557
1.7354566623390784
1.735565667217801
1.7356746720965237
1.7357836769752464
1.735892681853969
1.7360016867326917
1.7361106916114144
1.736219696490137
1.7363287013688598
1.7364377062475824
1.736546711126305
1.7366557160050278
1.7367647208837504
1.7368737257624731
1.7369827306411958
1.7370917355199185
1.7372007403986411
1.7373097452773638
1.7374187501560865
1.7375277550348094
1.737636759913532
1.7377457647922547
1.7378547696709774
1.7379637745497
1.7380727794284228
1.7381817843071454
1.738290789185868
1.7383997940645908
1.7385087989433134
1.7386178038220361
1.7387268087007588
1.7388358135794815
1.7389448184582041
1.7390538233369268
1.7391628282156495
1.7392718330943722
1.7393808379730948
1.7394898428518175
1.7395988477305402
1.7397078526092629
1.7398168574879855
1.7399258623667082
1.7400348672454309
1.7401438721241536
1.7402528770028762
1.740361881881599
1.7404708867603216
1.7405798916390443
1.740688896517767
1.7407979013964896
1.7409069062752125
1.741015911153935
1.7411249160326578
1.7412339209113805
1.7413429257901032
1.7414519306688259
1.7415609355475485
1.7416699404262712
1.7417789453049939
1.7418879501837166
1.7419969550624392
1.742105959941162
1.7422149648198846
1.7423239696986073
1.74243297457733
1.7425419794560526
1.7426509843347753
1.742759989213498
1.7428689940922206
1.7429779989709433
1.743087003849666
1.7431960087283886
1.7433050136071113
1.743414018485834
1.7435230233645567
1.7436320282432793
1.743741033122002
1.7438500380007247
1.7439590428794474
1.74406804775817
1.7441770526368927
1.7442860575156154
1.744395062394338
1.744504067273061
1.7446130721517834
1.7447220770305063
1.744831081909229
1.7449400867879516
1.7450490916666743
1.745158096545397
1.7452671014241197
1.7453761063028423
1.745485111181565
1.7455941160602877
1.7457031209390104
1.745812125817733
1.7459211306964557
1.7460301355751784
1.746139140453901
1.7462481453326237
1.7463571502113464
1.746466155090069
1.7465751599687918
1.7466841648475144
1.746793169726237
1.7469021746049598
1.7470111794836825
1.7471201843624051
1.7472291892411278
1.7473381941198505
1.7474471989985731
1.7475562038772958
1.7476652087560185
1.7477742136347412
1.7478832185134638
1.7479922233921865
1.7481012282709094
1.7482102331496319
1.7483192380283548
1.7484282429070774
1.7485372477858
1.7486462526645228
1.7487552575432455
1.7488642624219681
1.7489732673006908
1.7490822721794135
1.7491912770581362
1.7493002819368588
1.7494092868155815
1.7495182916943042
1.7496272965730268
1.7497363014517495
1.7498453063304722
1.7499543112091949
1.7500633160879175
1.7501723209666402
1.750281325845363
1.7503903307240856
1.7504993356028082
1.750608340481531
1.7507173453602536
1.7508263502389763
1.750935355117699
1.7510443599964216
1.7511533648751443
1.751262369753867
1.7513713746325896
1.7514803795113125
1.751589384390035
1.7516983892687579
1.7518073941474803
1.7519163990262032
1.752025403904926
1.7521344087836486
1.7522434136623712
1.752352418541094
1.7524614234198166
1.7525704282985393
1.752679433177262
1.7527884380559846
1.7528974429347073
1.75300644781343
1.7531154526921526
1.7532244575708753
1.753333462449598
1.7534424673283207
1.7535514722070433
1.753660477085766
1.7537694819644887
1.7538784868432113
1.753987491721934
1.7540964966006567
1.7542055014793794
1.754314506358102
1.7544235112368247
1.7545325161155474
1.75464152099427
1.7547505258729927
1.7548595307517154
1.754968535630438
1.755077540509161
1.7551865453878834
1.7552955502666063
1.7554045551453288
1.7555135600240517
1.7556225649027744
1.755731569781497
1.7558405746602197
1.7559495795389424
1.756058584417665
1.7561675892963877
1.7562765941751104
1.756385599053833
1.7564946039325557
1.7566036088112784
1.756712613690001
1.7568216185687238
1.7569306234474464
1.7570396283261691
1.7571486332048918
1.7572576380836145
1.7573666429623371
1.7574756478410598
1.7575846527197825
1.7576936575985052
1.7578026624772278
1.7579116673559505
1.7580206722346732
1.7581296771133959
1.7582386819921185
1.7583476868708412
1.7584566917495639
1.7585656966282865
1.7586747015070094
1.758783706385732
1.7588927112644548
1.7590017161431772
1.7591107210219001
1.7592197259006228
1.7593287307793455
1.7594377356580682
1.7595467405367908
1.7596557454155135
1.7597647502942362
1.7598737551729589
1.7599827600516815
1.7600917649304042
1.7602007698091269
1.7603097746878495
1.7604187795665722
1.760527784445295
1.7606367893240176
1.7607457942027402
1.760854799081463
1.7609638039601856
1.7610728088389083
1.761181813717631
1.7612908185963536
1.7613998234750763
1.761508828353799
1.7616178332325216
1.7617268381112443
1.761835842989967
1.7619448478686897
1.7620538527474123
1.762162857626135
1.762271862504858
1.7623808673835804
1.7624898722623032
1.762598877141026
1.7627078820197486
1.7628168868984713
1.762925891777194
1.7630348966559166
1.7631439015346393
1.763252906413362
1.7633619112920846
1.7634709161708073
1.76357992104953
1.7636889259282527
1.7637979308069753
1.763906935685698
1.7640159405644207
1.7641249454431434
1.764233950321866
1.7643429552005887
1.7644519600793114
1.764560964958034
1.7646699698367567
1.7647789747154794
1.764887979594202
1.7649969844729247
1.7651059893516474
1.76521499423037
1.7653239991090928
1.7654330039878154
1.7655420088665381
1.7656510137452608
1.7657600186239835
1.7658690235027064
1.7659780283814288
1.7660870332601517
1.7661960381388744
1.766305043017597
1.7664140478963197
1.7665230527750424
1.766632057653765
1.7667410625324877
1.7668500674112104
1.766959072289933
1.7670680771686558
1.7671770820473784
1.7672860869261011
1.7673950918048238
1.7675040966835465
1.7676131015622691
1.7677221064409918
1.7678311113197145
1.7679401161984372
1.7680491210771598
1.7681581259558825
1.7682671308346052
1.7683761357133279
1.7684851405920505
1.7685941454707732
1.7687031503494959
1.7688121552282186
1.7689211601069412
1.769030164985664
1.7691391698643866
1.7692481747431092
1.769357179621832
1.7694661845005548
1.7695751893792773
1.7696841942580002
1.7697931991367228
1.7699022040154455
1.7700112088941682
1.7701202137728909
1.7702292186516135
1.7703382235303362
1.7704472284090589
1.7705562332877816
1.7706652381665042
1.770774243045227
1.7708832479239496
1.7709922528026723
1.771101257681395
1.7712102625601176
1.7713192674388403
1.771428272317563
1.7715372771962856
1.7716462820750083
1.771755286953731
1.7718642918324536
1.7719732967111763
1.772082301589899
1.7721913064686217
1.7723003113473443
1.772409316226067
1.7725183211047897
1.7726273259835124
1.772736330862235
1.772845335740958
1.7729543406196804
1.7730633454984033
1.7731723503771257
1.7732813552558486
1.7733903601345713
1.773499365013294
1.7736083698920166
1.7737173747707393
1.773826379649462
1.7739353845281847
1.7740443894069073
1.77415339428563
1.7742623991643527
1.7743714040430754
1.774480408921798
1.7745894138005207
1.7746984186792434
1.774807423557966
1.7749164284366887
1.7750254333154114
1.775134438194134
1.7752434430728568
1.7753524479515794
1.775461452830302
1.7755704577090248
1.7756794625877474
1.7757884674664701
1.7758974723451928
1.7760064772239155
1.7761154821026381
1.7762244869813608
1.7763334918600835
1.7764424967388064
1.7765515016175288
1.7766605064962517
1.7767695113749742
1.776878516253697
1.7769875211324198
1.7770965260111424
1.777205530889865
1.7773145357685878
1.7774235406473105
1.7775325455260331
1.7776415504047558
1.7777505552834785
1.7778595601622011
1.7779685650409238
1.7780775699196465
1.7781865747983692
1.7782955796770918
1.7784045845558145
1.7785135894345372
1.7786225943132599
1.7787315991919825
1.7788406040707052
1.7789496089494279
1.7790586138281506
1.7791676187068732
1.779276623585596
1.7793856284643186
1.7794946333430413
1.779603638221764
1.7797126431004866
1.7798216479792093
1.779930652857932
1.7800396577366548
1.7801486626153773
1.7802576674941002
1.7803666723728226
1.7804756772515455
1.7805846821302682
1.7806936870089909
1.7808026918877136
1.7809116967664362
1.781020701645159
1.7811297065238816
1.7812387114026043
1.781347716281327
1.7814567211600496
1.7815657260387723
1.781674730917495
1.7817837357962176
1.7818927406749403
1.782001745553663
1.7821107504323856
1.7822197553111083
1.782328760189831
1.7824377650685537
1.7825467699472763
1.782655774825999
1.7827647797047217
1.7828737845834444
1.782982789462167
1.7830917943408897
1.7832007992196124
1.783309804098335
1.7834188089770577
1.7835278138557804
1.7836368187345033
1.7837458236132258
1.7838548284919487
1.7839638333706713
1.784072838249394
1.7841818431281167
1.7842908480068393
1.784399852885562
1.7845088577642847
1.7846178626430074
1.78472686752173
1.7848358724004527
1.7849448772791754
1.785053882157898
1.7851628870366207
1.7852718919153434
1.785380896794066
1.7854899016727888
1.7855989065515114
1.785707911430234
1.7858169163089568
1.7859259211876795
1.7860349260664021
1.7861439309451248
1.7862529358238475
1.7863619407025702
1.7864709455812928
1.7865799504600155
1.7866889553387382
1.7867979602174608
1.7869069650961835
1.7870159699749062
1.7871249748536289
1.7872339797323518
1.7873429846110742
1.787451989489797
1.7875609943685198
1.7876699992472425
1.7877790041259651
1.7878880090046878
1.7879970138834105
1.7881060187621332
1.7882150236408558
1.7883240285195785
1.7884330333983012
1.7885420382770238
1.7886510431557465
1.7887600480344692
1.7888690529131919
1.7889780577919145
1.7890870626706372
1.78919606754936
1.7893050724280826
1.7894140773068052
1.789523082185528
1.7896320870642506
1.7897410919429733
1.789850096821696
1.7899591017004186
1.7900681065791413
1.790177111457864
1.7902861163365866
1.7903951212153093
1.790504126094032
1.7906131309727549
1.7907221358514773
1.7908311407302002
1.7909401456089227
1.7910491504876456
1.7911581553663682
1.791267160245091
1.7913761651238136
1.7914851700025363
1.791594174881259
1.7917031797599816
1.7918121846387043
1.791921189517427
1.7920301943961496
1.7921391992748723
1.792248204153595
1.7923572090323177
1.7924662139110403
1.792575218789763
1.7926842236684857
