1.6183309201515579	-3.3657609537434663	3.37881773825735
1.6184399250302806	-3.3657609537434663	3.3786171697871517
1.6185489299090032	-3.3657609537434663	3.378416524635373
1.618657934787726	-3.3657609537434663	3.3782158027482616
1.6187669396664486	-3.3657609537434663	3.3780150040720756
1.6188759445451713	-3.3657609537434663	3.377814128553073
1.618984949423894	-3.3657609537434663	3.3776131761374906
1.6190939543026166	-3.3657609537434663	3.37741214677159
1.6192029591813393	-3.3657609537434663	3.377211040401633
1.619311964060062	-3.3657609537434663	3.3770098569738565
1.6194209689387846	-3.3657609537434663	3.3768085964345183
1.6195299738175073	-3.3657609537434663	3.376607258729873
1.61963897869623	-3.3657609537434663	3.376405843806179
1.6197479835749526	-3.3657609537434663	3.376204351609683
1.6198569884536753	-3.3657609537434663	3.376002782086637
1.619965993332398	-3.3657609537434663	3.3758011351833055
1.6200749982111207	-3.3657609537434663	3.3755994108459255
1.6201840030898436	-3.3657609537434663	3.3753976090207587
1.6202930079685662	-3.3657609537434663	3.375195729654049
1.620402012847289	-3.3657609537434663	3.3749937726920685
1.6205110177260116	-3.3657609537434663	3.374791738081047
1.6206200226047343	-3.3657609537434663	3.3745896257672463
1.620729027483457	-3.3657609537434663	3.374387435696928
1.6208380323621796	-3.3657609537434663	3.374185167816332
1.6209470372409023	-3.3657609537434663	3.3739828220717207
1.621056042119625	-3.3657609537434663	3.373780398409341
1.6211650469983476	-3.3657609537434663	3.3735778967754584
1.6212740518770703	-3.3657609537434663	3.3733753171163023
1.621383056755793	-3.3657609537434663	3.3731726593781453
1.6214920616345156	-3.3657609537434663	3.372969923507238
1.6216010665132383	-3.3657609537434663	3.372767109449825
1.621710071391961	-3.3657609537434663	3.37256421715216
1.6218190762706837	-3.3657609537434663	3.372361246560498
1.6219280811494063	-3.3657609537434663	3.372158197621097
1.622037086028129	-3.3657609537434663	3.371955070280208
1.6221460909068517	-3.3657609537434663	3.371751864484075
1.6222550957855744	-3.3657609537434663	3.371548580178974
1.622364100664297	-3.3657609537434663	3.371345217311127
1.6224731055430197	-3.3657609537434663	3.371141775826814
1.6225821104217424	-3.3657609537434663	3.370938255672261
1.622691115300465	-3.3657609537434663	3.3707346567937435
1.6228001201791877	-3.3657609537434663	3.370530979137502
1.6229091250579104	-3.3657609537434663	3.3703272226497916
1.623018129936633	-3.3657609537434663	3.3701233872768768
1.6231271348153558	-3.3657609537434663	3.3699194729649946
1.6232361396940784	-3.3657609537434663	3.369715479660414
1.623345144572801	-3.3657609537434663	3.3695114073093677
1.6234541494515238	-3.3657609537434663	3.369307255858118
1.6235631543302464	-3.3657609537434663	3.369103025252933
1.6236721592089691	-3.3657609537434663	3.3688987154400394
1.623781164087692	-3.3657609537434663	3.3686943263656985
1.6238901689664147	-3.3657609537434663	3.3684898579761757
1.6239991738451374	-3.3657609537434663	3.3682853102177113
1.62410817872386	-3.3657609537434663	3.368080683036556
1.6242171836025827	-3.3657609537434663	3.367875976378972
1.6243261884813054	-3.3657609537434663	3.36767119019121
1.624435193360028	-3.3657609537434663	3.367466324419521
1.6245441982387507	-3.3657609537434663	3.36726137901017
1.6246532031174734	-3.3657609537434663	3.3670563539093905
1.624762207996196	-3.3657609537434663	3.366851249063444
1.6248712128749188	-3.3657609537434663	3.366646064418582
1.6249802177536414	-3.3657609537434663	3.366440799921058
1.625089222632364	-3.3657609537434663	3.3662354555171206
1.6251982275110868	-3.3657609537434663	3.3660300311530307
1.6253072323898095	-3.3657609537434663	3.3658245267750324
1.6254162372685321	-3.3657609537434663	3.3656189423293874
1.6255252421472548	-3.3657609537434663	3.3654132777623538
1.6256342470259775	-3.3657609537434663	3.365207533020172
1.6257432519047001	-3.3657609537434663	3.3650017080490997
1.6258522567834228	-3.3657609537434663	3.364795802795385
1.6259612616621455	-3.3657609537434663	3.3645898172052817
1.6260702665408682	-3.3657609537434663	3.3643837512250485
1.6261792714195908	-3.3657609537434663	3.364177604800929
1.6262882762983135	-3.3657609537434663	3.3639713778791887
1.6263972811770362	-3.3657609537434663	3.363765070406071
1.6265062860557589	-3.3657609537434663	3.3635586823278345
1.6266152909344815	-3.3657609537434663	3.363352213590737
1.6267242958132042	-3.3657609537434663	3.363145664141012
1.6268333006919269	-3.3657609537434663	3.3629390339249383
1.6269423055706496	-3.3657609537434663	3.3627323228887462
1.6270513104493722	-3.3657609537434663	3.36252553097869
1.627160315328095	-3.3657609537434663	3.362318658141035
1.6272693202068178	-3.3657609537434663	3.3621117043220323
1.6273783250855405	-3.3657609537434663	3.361904669467929
1.6274873299642632	-3.3657609537434663	3.3616975535249765
1.6275963348429858	-3.3657609537434663	3.3614903564394396
1.6277053397217085	-3.3657609537434663	3.3612830781575553
1.6278143446004312	-3.3657609537434663	3.3610757186255924
1.6279233494791538	-3.3657609537434663	3.3608682777897947
1.6280323543578765	-3.3657609537434663	3.3606607555964167
1.6281413592365992	-3.3657609537434663	3.360453151991706
1.6282503641153219	-3.3657609537434663	3.3602454669219206
1.6283593689940445	-3.3657609537434663	3.3600377003333115
1.6284683738727672	-3.3657609537434663	3.359829852172137
1.62857737875149	-3.3657609537434663	3.3596219223846404
1.6286863836302126	-3.3657609537434663	3.359413910917084
1.6287953885089352	-3.3657609537434663	3.3592058177157256
1.628904393387658	-3.3657609537434663	3.358997642726802
1.6290133982663806	-3.3657609537434663	3.3587893858965714
1.6291224031451033	-3.3657609537434663	3.358581047171299
1.629231408023826	-3.3657609537434663	3.358372626497218
1.6293404129025486	-3.3657609537434663	3.358164123820586
1.6294494177812713	-3.3657609537434663	3.3579555390876656
1.629558422659994	-3.3657609537434663	3.3577468722447037
1.6296674275387166	-3.3657609537434663	3.3575381232379584
1.6297764324174393	-3.3657609537434663	3.3573292920136772
1.629885437296162	-3.3657609537434663	3.3571203785181183
1.6299944421748847	-3.3657609537434663	3.356911382697522
1.6301034470536073	-3.3657609537434663	3.356702304498164
1.63021245193233	-3.3657609537434663	3.3564931438662704
1.6303214568110527	-3.3657609537434663	3.3562839007481102
1.6304304616897753	-3.3657609537434663	3.3560745750899272
1.630539466568498	-3.3657609537434663	3.3558651668379866
1.6306484714472207	-3.3657609537434663	3.3556556759385288
1.6307574763259434	-3.3657609537434663	3.3554461023378153
1.6308664812046663	-3.3657609537434663	3.355236445982097
1.630975486083389	-3.3657609537434663	3.3550267068176254
1.6310844909621116	-3.3657609537434663	3.3548168847906616
1.6311934958408343	-3.3657609537434663	3.354606979847439
1.631302500719557	-3.3657609537434663	3.3543969919342267
1.6314115055982796	-3.3657609537434663	3.3541869209972823
1.6315205104770023	-3.3657609537434663	3.3539767669828393
1.631629515355725	-3.3657609537434663	3.3537665298371593
1.6317385202344477	-3.3657609537434663	3.353556209506504
1.6318475251131703	-3.3657609537434663	3.3533458059371064
1.631956529991893	-3.3657609537434663	3.3531353190752426
1.6320655348706157	-3.3657609537434663	3.3529247488671494
1.6321745397493383	-3.3657609537434663	3.352714095259099
1.632283544628061	-3.3657609537434663	3.3525033581973176
1.6323925495067837	-3.3657609537434663	3.3522925376280845
1.6325015543855064	-3.3657609537434663	3.352081633497626
1.632610559264229	-3.3657609537434663	3.351870645752207
1.6327195641429517	-3.3657609537434663	3.3516595743380826
1.6328285690216744	-3.3657609537434663	3.3514484192015104
1.632937573900397	-3.3657609537434663	3.351237180288731
1.6330465787791197	-3.3657609537434663	3.3510258575460057
1.6331555836578424	-3.3657609537434663	3.350814450919593
1.633264588536565	-3.3657609537434663	3.3506029603557295
1.6333735934152878	-3.3657609537434663	3.3503913858006804
1.6334825982940104	-3.3657609537434663	3.3501797272007003
1.633591603172733	-3.3657609537434663	3.349967984502026
1.6337006080514558	-3.3657609537434663	3.3497561576509263
1.6338096129301785	-3.3657609537434663	3.349544246593645
1.6339186178089011	-3.3657609537434663	3.34933225127644
1.6340276226876238	-3.3657609537434663	3.34912017164557
1.6341366275663465	-3.3657609537434663	3.3489080076472746
1.6342456324450692	-3.3657609537434663	3.3486957592278195
1.634354637323792	-3.3657609537434663	3.3484834263334413
1.6344636422025147	-3.3657609537434663	3.3482710089104195
1.6345726470812374	-3.3657609537434663	3.348058506904973
1.63468165195996	-3.3657609537434663	3.3478459202633886
1.6347906568386827	-3.3657609537434663	3.347633248931892
1.6348996617174054	-3.3657609537434663	3.347420492856749
1.635008666596128	-3.3657609537434663	3.3472076519842062
1.6351176714748508	-3.3657609537434663	3.3469947262605153
1.6352266763535734	-3.3657609537434663	3.346781715631945
1.6353356812322961	-3.3657609537434663	3.346568620044735
1.6354446861110188	-3.3657609537434663	3.3463554394451442
1.6355536909897415	-3.3657609537434663	3.346142173779416
1.6356626958684641	-3.3657609537434663	3.345928822993823
1.6357717007471868	-3.3657609537434663	3.3457153870345913
1.6358807056259095	-3.3657609537434663	3.345501865847986
1.6359897105046322	-3.3657609537434663	3.3452882593802613
1.6360987153833548	-3.3657609537434663	3.3450745675776687
1.6362077202620775	-3.3657609537434663	3.344860790386466
1.6363167251408002	-3.3657609537434663	3.344646927752901
1.6364257300195229	-3.3657609537434663	3.344432979623228
1.6365347348982455	-3.3657609537434663	3.3442189459437124
1.6366437397769682	-3.3657609537434663	3.3440048266605764
1.6367527446556909	-3.3657609537434663	3.3437906217201068
1.6368617495344135	-3.3657609537434663	3.343576331068533
1.6369707544131362	-3.3657609537434663	3.34336195465211
1.637079759291859	-3.3657609537434663	3.3431474924170956
1.6371887641705816	-3.3657609537434663	3.342932944309748
1.6372977690493042	-3.3657609537434663	3.342718310276311
1.637406773928027	-3.3657609537434663	3.342503590263046
1.6375157788067496	-3.3657609537434663	3.3422887842162083
1.6376247836854723	-3.3657609537434663	3.342073892082034
1.637733788564195	-3.3657609537434663	3.341858913806803
1.6378427934429176	-3.3657609537434663	3.3416438493367338
1.6379517983216405	-3.3657609537434663	3.3414286986181025
1.6380608032003632	-3.3657609537434663	3.3412134615971567
1.6381698080790859	-3.3657609537434663	3.3409981382201437
1.6382788129578085	-3.3657609537434663	3.3407827284333216
1.6383878178365312	-3.3657609537434663	3.3405672321829485
1.6384968227152539	-3.3657609537434663	3.3403516494152683
1.6386058275939765	-3.3657609537434663	3.3401359800765427
1.6387148324726992	-3.3657609537434663	3.3399202241130226
1.638823837351422	-3.3657609537434663	3.339704381470952
1.6389328422301446	-3.3657609537434663	3.3394884520965853
1.6390418471088672	-3.3657609537434663	3.339272435936195
1.63915085198759	-3.3657609537434663	3.339056332936007
1.6392598568663126	-3.3657609537434663	3.3388401430422867
1.6393688617450353	-3.3657609537434663	3.338623866201285
1.639477866623758	-3.3657609537434663	3.33840750235926
1.6395868715024806	-3.3657609537434663	3.3381910514624558
1.6396958763812033	-3.3657609537434663	3.33797451345713
1.639804881259926	-3.3657609537434663	3.337757888289545
1.6399138861386486	-3.3657609537434663	3.337541175905944
1.6400228910173713	-3.3657609537434663	3.337324376252578
1.640131895896094	-3.3657609537434663	3.3371074892756987
1.6402409007748167	-3.3657609537434663	3.3368905149215635
1.6403499056535393	-3.3657609537434663	3.33667345313642
1.640458910532262	-3.3657609537434663	3.3364563038665267
1.6405679154109847	-3.3657609537434663	3.336239067058134
1.6406769202897074	-3.3657609537434663	3.3360217426575005
1.64078592516843	-3.3657609537434663	3.3358043306108804
1.6408949300471527	-3.3657609537434663	3.3355868308645142
1.6410039349258754	-3.3657609537434663	3.3353692433646565
1.641112939804598	-3.3657609537434663	3.335151568057576
1.6412219446833207	-3.3657609537434663	3.334933804889509
1.6413309495620434	-3.3657609537434663	3.3347159538067075
1.641439954440766	-3.3657609537434663	3.334498014755436
1.641548959319489	-3.3657609537434663	3.3342799876819456
1.6416579641982116	-3.3657609537434663	3.3340618725324838
1.6417669690769343	-3.3657609537434663	3.3338436692533016
1.641875973955657	-3.3657609537434663	3.333625377790657
1.6419849788343797	-3.3657609537434663	3.3334069980907977
1.6420939837131023	-3.3657609537434663	3.3331885300999993
1.642202988591825	-3.3657609537434663	3.3329699737644773
1.6423119934705477	-3.3657609537434663	3.3327513290305184
1.6424209983492704	-3.3657609537434663	3.332532595844352
1.642530003227993	-3.3657609537434663	3.3323137741522366
1.6426390081067157	-3.3657609537434663	3.3320948639004264
1.6427480129854384	-3.3657609537434663	3.3318758650351725
1.642857017864161	-3.3657609537434663	3.3316567775027437
1.6429660227428837	-3.3657609537434663	3.331437601249366
1.6430750276216064	-3.3657609537434663	3.3312183362213226
1.643184032500329	-3.3657609537434663	3.3309989823648465
1.6432930373790517	-3.3657609537434663	3.3307795396261852
1.6434020422577744	-3.3657609537434663	3.330560007951611
1.643511047136497	-3.3657609537434663	3.330340387287361
1.6436200520152198	-3.3657609537434663	3.3301206775796963
1.6437290568939424	-3.3657609537434663	3.329900878774861
1.6438380617726651	-3.3657609537434663	3.329680990819117
1.6439470666513878	-3.3657609537434663	3.3294610136587117
1.6440560715301105	-3.3657609537434663	3.329240947239903
1.6441650764088331	-3.3657609537434663	3.329020791508956
1.6442740812875558	-3.3657609537434663	3.32880054641209
1.6443830861662785	-3.3657609537434663	3.328580211895595
1.6444920910450012	-3.3657609537434663	3.32835978790569
1.6446010959237238	-3.3657609537434663	3.3281392743886435
1.6447101008024465	-3.3657609537434663	3.3279186712907105
1.6448191056811692	-3.3657609537434663	3.327697978558149
1.6449281105598919	-3.3657609537434663	3.3274771961371954
1.6450371154386145	-3.3657609537434663	3.3272563239741118
1.6451461203173374	-3.3657609537434663	3.327035362015163
1.64525512519606	-3.3657609537434663	3.3268143102065793
1.6453641300747828	-3.3657609537434663	3.326593168494636
1.6454731349535054	-3.3657609537434663	3.3263719368255664
1.6455821398322281	-3.3657609537434663	3.326150615145643
1.6456911447109508	-3.3657609537434663	3.325929203401092
1.6458001495896735	-3.3657609537434663	3.3257077015381853
1.6459091544683961	-3.3657609537434663	3.3254861095031707
1.6460181593471188	-3.3657609537434663	3.3252644272423098
1.6461271642258415	-3.3657609537434663	3.3250426547018392
1.6462361691045642	-3.3657609537434663	3.324820791828021
1.6463451739832868	-3.3657609537434663	3.324598838567109
1.6464541788620095	-3.3657609537434663	3.324376794865369
1.6465631837407322	-3.3657609537434663	3.3241546606690235
1.6466721886194549	-3.3657609537434663	3.3239324359243554
1.6467811934981775	-3.3657609537434663	3.3237101205775943
1.6468901983769002	-3.3657609537434663	3.3234877145749984
1.6469992032556229	-3.3657609537434663	3.3232652178628292
1.6471082081343456	-3.3657609537434663	3.323042630387338
1.6472172130130682	-3.3657609537434663	3.3228199520947683
1.647326217891791	-3.3657609537434663	3.322597182931382
1.6474352227705136	-3.3657609537434663	3.322374322843441
1.6475442276492362	-3.3657609537434663	3.3221513717771742
1.647653232527959	-3.3657609537434663	3.3219283296788547
1.6477622374066816	-3.3657609537434663	3.321705196494726
1.6478712422854043	-3.3657609537434663	3.321481972171039
1.647980247164127	-3.3657609537434663	3.321258656654045
1.6480892520428496	-3.3657609537434663	3.321035249890013
1.6481982569215723	-3.3657609537434663	3.320811751825179
1.648307261800295	-3.3657609537434663	3.3205881624058016
1.6484162666790176	-3.3657609537434663	3.320364481578146
1.6485252715577403	-3.3657609537434663	3.3201407092884416
1.6486342764364632	-3.3657609537434663	3.319916845482954
1.6487432813151859	-3.3657609537434663	3.319692890107934
1.6488522861939086	-3.3657609537434663	3.3194688431096395
1.6489612910726312	-3.3657609537434663	3.3192447044343254
1.649070295951354	-3.3657609537434663	3.3190204740282283
1.6491793008300766	-3.3657609537434663	3.31879615183761
1.6492883057087993	-3.3657609537434663	3.3185717378087283
1.649397310587522	-3.3657609537434663	3.318347231887831
1.6495063154662446	-3.3657609537434663	3.3181226340211722
1.6496153203449673	-3.3657609537434663	3.3178979441550034
1.64972432522369	-3.3657609537434663	3.3176731622355966
1.6498333301024126	-3.3657609537434663	3.317448288209171
1.6499423349811353	-3.3657609537434663	3.317223322022002
1.650051339859858	-3.3657609537434663	3.3169982636203343
1.6501603447385806	-3.3657609537434663	3.316773112950422
1.6502693496173033	-3.3657609537434663	3.316547869958516
1.650378354496026	-3.3657609537434663	3.3163225345908707
1.6504873593747487	-3.3657609537434663	3.316097106793741
1.6505963642534713	-3.3657609537434663	3.315871586513385
1.650705369132194	-3.3657609537434663	3.3156459736960535
1.6508143740109167	-3.3657609537434663	3.315420268287987
1.6509233788896394	-3.3657609537434663	3.315194470235447
1.651032383768362	-3.3657609537434663	3.3149685794846953
1.6511413886470847	-3.3657609537434663	3.3147425959819685
1.6512503935258074	-3.3657609537434663	3.314516519673525
1.65135939840453	-3.3657609537434663	3.314290350505619
1.6514684032832527	-3.3657609537434663	3.314064088424505
1.6515774081619754	-3.3657609537434663	3.3138377333764346
1.651686413040698	-3.3657609537434663	3.313611285307662
1.6517954179194207	-3.3657609537434663	3.313384744164445
1.6519044227981434	-3.3657609537434663	3.313158109893024
1.652013427676866	-3.3657609537434663	3.3129313824396682
1.652122432555589	-3.3657609537434663	3.312704561750607
1.6522314374343117	-3.3657609537434663	3.31247764777212
1.6523404423130343	-3.3657609537434663	3.312250640450433
1.652449447191757	-3.3657609537434663	3.3120235397318183
1.6525584520704797	-3.3657609537434663	3.31179634556252
1.6526674569492024	-3.3657609537434663	3.3115690578888
1.652776461827925	-3.3657609537434663	3.3113416766569017
1.6528854667066477	-3.3657609537434663	3.3111142018130835
1.6529944715853704	-3.3657609537434663	3.310886633303607
1.653103476464093	-3.3657609537434663	3.3106589710747016
1.6532124813428157	-3.3657609537434663	3.3104312150726365
1.6533214862215384	-3.3657609537434663	3.310203365243673
1.653430491100261	-3.3657609537434663	3.3099754215340376
1.6535394959789838	-3.3657609537434663	3.3097473838899987
1.6536485008577064	-3.3657609537434663	3.3095192522578074
1.653757505736429	-3.3657609537434663	3.309291026583722
1.6538665106151518	-3.3657609537434663	3.3090627068139895
1.6539755154938744	-3.3657609537434663	3.3088342928948684
1.6540845203725971	-3.3657609537434663	3.308605784772613
1.6541935252513198	-3.3657609537434663	3.308377182393457
1.6543025301300425	-3.3657609537434663	3.3081484857036862
1.6544115350087651	-3.3657609537434663	3.3079196946495166
1.6545205398874878	-3.3657609537434663	3.3076908091772275
1.6546295447662105	-3.3657609537434663	3.307461829233052
1.6547385496449332	-3.3657609537434663	3.3072327547632625
1.6548475545236558	-3.3657609537434663	3.3070035857140994
1.6549565594023785	-3.3657609537434663	3.306774322031824
1.6550655642811012	-3.3657609537434663	3.306544963662688
1.6551745691598239	-3.3657609537434663	3.3063155105529347
1.6552835740385465	-3.3657609537434663	3.30608596264884
1.6553925789172692	-3.3657609537434663	3.3058563198966233
1.6555015837959919	-3.3657609537434663	3.3056265822425566
1.6556105886747146	-3.3657609537434663	3.3053967496328873
1.6557195935534375	-3.3657609537434663	3.3051668220138772
1.6558285984321601	-3.3657609537434663	3.3049367993317738
1.6559376033108828	-3.3657609537434663	3.3047066815328243
1.6560466081896055	-3.3657609537434663	3.3044764685632906
1.6561556130683281	-3.3657609537434663	3.3042461603694235
1.6562646179470508	-3.3657609537434663	3.3040157568974706
1.6563736228257735	-3.3657609537434663	3.303785258093704
1.6564826277044962	-3.3657609537434663	3.3035546639043467
1.6565916325832188	-3.3657609537434663	3.3033239742756777
1.6567006374619415	-3.3657609537434663	3.3030931891539232
1.6568096423406642	-3.3657609537434663	3.3028623084853628
1.6569186472193869	-3.3657609537434663	3.3026313322162295
1.6570276520981095	-3.3657609537434663	3.302400260292785
1.6571366569768322	-3.3657609537434663	3.3021690926612877
1.6572456618555549	-3.3657609537434663	3.301937829267974
1.6573546667342776	-3.3657609537434663	3.3017064700591234
1.6574636716130002	-3.3657609537434663	3.3014750149809693
1.657572676491723	-3.3657609537434663	3.3012434639797696
1.6576816813704456	-3.3657609537434663	3.301011817001765
1.6577906862491683	-3.3657609537434663	3.3007800739932236
1.657899691127891	-3.3657609537434663	3.3005482349003934
1.6580086960066136	-3.3657609537434663	3.300316299669525
1.6581177008853363	-3.3657609537434663	3.300084268246877
1.658226705764059	-3.3657609537434663	3.299852140578693
1.6583357106427816	-3.3657609537434663	3.299619916611249
1.6584447155215043	-3.3657609537434663	3.299387596290771
1.658553720400227	-3.3657609537434663	3.299155179563517
1.6586627252789496	-3.3657609537434663	3.298922666375759
1.6587717301576723	-3.3657609537434663	3.2986900566737205
1.658880735036395	-3.3657609537434663	3.2984573504036767
1.6589897399151177	-3.3657609537434663	3.2982245475118717
1.6590987447938403	-3.3657609537434663	3.297991647944553
1.659207749672563	-3.3657609537434663	3.2977586516479853
1.659316754551286	-3.3657609537434663	3.2975255585684238
1.6594257594300086	-3.3657609537434663	3.297292368652105
1.6595347643087313	-3.3657609537434663	3.297059081845294
1.659643769187454	-3.3657609537434663	3.2968256980942527
1.6597527740661766	-3.3657609537434663	3.296592217345207
1.6598617789448993	-3.3657609537434663	3.2963586395444366
1.659970783823622	-3.3657609537434663	3.2961249646381745
1.6600797887023446	-3.3657609537434663	3.2958911925726824
1.6601887935810673	-3.3657609537434663	3.2956573232942112
1.66029779845979	-3.3657609537434663	3.2954233567490157
1.6604068033385126	-3.3657609537434663	3.2951892928833466
1.6605158082172353	-3.3657609537434663	3.294955131643462
1.660624813095958	-3.3657609537434663	3.294720872975617
1.6607338179746807	-3.3657609537434663	3.2944865168260478
1.6608428228534033	-3.3657609537434663	3.2942520631410233
1.660951827732126	-3.3657609537434663	3.2940175118668016
1.6610608326108487	-3.3657609537434663	3.2937828629496124
1.6611698374895714	-3.3657609537434663	3.293548116335721
1.661278842368294	-3.3657609537434663	3.293313271971382
1.6613878472470167	-3.3657609537434663	3.293078329802846
1.6614968521257394	-3.3657609537434663	3.2928432897763678
1.661605857004462	-3.3657609537434663	3.2926081518381984
1.6617148618831847	-3.3657609537434663	3.292372915934603
1.6618238667619074	-3.3657609537434663	3.2921375820118115
1.66193287164063	-3.3657609537434663	3.291902150016096
1.6620418765193528	-3.3657609537434663	3.2916666198937
1.6621508813980754	-3.3657609537434663	3.2914309915908753
1.662259886276798	-3.3657609537434663	3.2911952650538723
1.6623688911555208	-3.3657609537434663	3.2909594402289564
1.6624778960342435	-3.3657609537434663	3.290723517062375
1.6625869009129661	-3.3657609537434663	3.290487495500372
1.6626959057916888	-3.3657609537434663	3.2902513754892198
1.6628049106704115	-3.3657609537434663	3.2900151569751515
1.6629139155491344	-3.3657609537434663	3.2897788399044288
1.663022920427857	-3.3657609537434663	3.2895424242233027
1.6631319253065797	-3.3657609537434663	3.2893059098780277
1.6632409301853024	-3.3657609537434663	3.289069296814862
1.663349935064025	-3.3657609537434663	3.288832584980046
1.6634589399427477	-3.3657609537434663	3.288595774319834
1.6635679448214704	-3.3657609537434663	3.288358864780488
1.663676949700193	-3.3657609537434663	3.2881218563082584
1.6637859545789158	-3.3657609537434663	3.2878847488493967
1.6638949594576384	-3.3657609537434663	3.287647542350154
1.664003964336361	-3.3657609537434663	3.2874102367567914
1.6641129692150838	-3.3657609537434663	3.287172832015546
1.6642219740938065	-3.3657609537434663	3.286935328072694
1.6643309789725291	-3.3657609537434663	3.2866977248744575
1.6644399838512518	-3.3657609537434663	3.286460022367109
1.6645489887299745	-3.3657609537434663	3.286222220496903
1.6646579936086972	-3.3657609537434663	3.285984319210087
1.6647669984874198	-3.3657609537434663	3.2857463184529117
1.6648760033661425	-3.3657609537434663	3.285508218171632
1.6649850082448652	-3.3657609537434663	3.285270018312513
1.6650940131235878	-3.3657609537434663	3.285031718821788
1.6652030180023105	-3.3657609537434663	3.2847933196457184
1.6653120228810332	-3.3657609537434663	3.284554820730566
1.6654210277597559	-3.3657609537434663	3.284316222022561
1.6655300326384785	-3.3657609537434663	3.284077523467978
1.6656390375172012	-3.3657609537434663	3.283838725013055
1.665748042395924	-3.3657609537434663	3.2835998266040534
1.6658570472746466	-3.3657609537434663	3.2833608281872273
1.6659660521533692	-3.3657609537434663	3.2831217297088244
1.666075057032092	-3.3657609537434663	3.28288253111511
1.6661840619108146	-3.3657609537434663	3.282643232352317
1.6662930667895373	-3.3657609537434663	3.282403833366722
1.66640207166826	-3.3657609537434663	3.2821643341045466
1.6665110765469828	-3.3657609537434663	3.2819247345120672
1.6666200814257055	-3.3657609537434663	3.2816850345355313
1.6667290863044282	-3.3657609537434663	3.281445234121186
1.6668380911831508	-3.3657609537434663	3.28120533321529
1.6669470960618735	-3.3657609537434663	3.2809653317641008
1.6670561009405962	-3.3657609537434663	3.2807252297138625
1.6671651058193189	-3.3657609537434663	3.280485027010833
1.6672741106980415	-3.3657609537434663	3.280244723601271
1.6673831155767642	-3.3657609537434663	3.280004319431413
1.667492120455487	-3.3657609537434663	3.279763814447527
1.6676011253342096	-3.3657609537434663	3.2795232085958546
1.6677101302129322	-3.3657609537434663	3.279282501822653
1.667819135091655	-3.3657609537434663	3.2790416940741807
1.6679281399703776	-3.3657609537434663	3.2788007852966814
1.6680371448491003	-3.3657609537434663	3.2785597754364133
1.668146149727823	-3.3657609537434663	3.2783186644396274
1.6682551546065456	-3.3657609537434663	3.278077452252578
1.6683641594852683	-3.3657609537434663	3.277836138821531
1.668473164363991	-3.3657609537434663	3.2775947240927117
1.6685821692427136	-3.3657609537434663	3.2773532080124035
1.6686911741214363	-3.3657609537434663	3.2771115905268253
1.668800179000159	-3.3657609537434663	3.2768698715822566
1.6689091838788817	-3.3657609537434663	3.2766280511249306
1.6690181887576043	-3.3657609537434663	3.2763861291011196
1.669127193636327	-3.3657609537434663	3.2761441054570675
1.6692361985150497	-3.3657609537434663	3.2759019801390252
1.6693452033937723	-3.3657609537434663	3.275659753093258
1.669454208272495	-3.3657609537434663	3.275417424266003
1.6695632131512177	-3.3657609537434663	3.275174993603521
1.6696722180299404	-3.3657609537434663	3.2749324610520567
1.669781222908663	-3.3657609537434663	3.2746898265578714
1.669890227787386	-3.3657609537434663	3.27444709006722
1.6699992326661086	-3.3657609537434663	3.2742042515263456
1.6701082375448313	-3.3657609537434663	3.2739613108815
1.670217242423554	-3.3657609537434663	3.2737182680789516
1.6703262473022766	-3.3657609537434663	3.2734751230649444
1.6704352521809993	-3.3657609537434663	3.2732318757857257
1.670544257059722	-3.3657609537434663	3.272988526187568
1.6706532619384447	-3.3657609537434663	3.2727450742166972
1.6707622668171673	-3.3657609537434663	3.2725015198193788
1.67087127169589	-3.3657609537434663	3.2722578629418813
1.6709802765746127	-3.3657609537434663	3.272014103530431
1.6710892814533354	-3.3657609537434663	3.2717702415312893
1.671198286332058	-3.3657609537434663	3.271526276890711
1.6713072912107807	-3.3657609537434663	3.271282209554954
1.6714162960895034	-3.3657609537434663	3.271038039470266
1.671525300968226	-3.3657609537434663	3.2707937665829014
1.6716343058469487	-3.3657609537434663	3.2705493908391183
1.6717433107256714	-3.3657609537434663	3.270304912185157
1.671852315604394	-3.3657609537434663	3.2700603305672935
1.6719613204831167	-3.3657609537434663	3.2698156459317467
1.6720703253618394	-3.3657609537434663	3.269570858224789
1.672179330240562	-3.3657609537434663	3.2693259673926747
1.6722883351192848	-3.3657609537434663	3.269080973381648
1.6723973399980074	-3.3657609537434663	3.268835876137974
1.6725063448767301	-3.3657609537434663	3.268590675607893
1.6726153497554528	-3.3657609537434663	3.268345371737677
1.6727243546341755	-3.3657609537434663	3.2680999644735564
1.6728333595128981	-3.3657609537434663	3.2678544537617924
1.6729423643916208	-3.3657609537434663	3.2676088395486502
1.6730513692703435	-3.3657609537434663	3.267363121780356
1.6731603741490662	-3.3657609537434663	3.267117300403182
1.6732693790277888	-3.3657609537434663	3.2668713753633796
1.6733783839065115	-3.3657609537434663	3.2666253466071993
1.6734873887852344	-3.3657609537434663	3.266379214080896
1.673596393663957	-3.3657609537434663	3.2661329777307166
1.6737053985426797	-3.3657609537434663	3.2658866375029163
1.6738144034214024	-3.3657609537434663	3.265640193343753
1.673923408300125	-3.3657609537434663	3.2653936451994916
1.6740324131788478	-3.3657609537434663	3.2651469930163515
1.6741414180575704	-3.3657609537434663	3.264900236740612
1.6742504229362931	-3.3657609537434663	3.2646533763185133
1.6743594278150158	-3.3657609537434663	3.2644064116963136
1.6744684326937385	-3.3657609537434663	3.264159342820264
1.6745774375724611	-3.3657609537434663	3.263912169636612
1.6746864424511838	-3.3657609537434663	3.2636648920916222
1.6747954473299065	-3.3657609537434663	3.2634175101315464
1.6749044522086292	-3.3657609537434663	3.2631700237026386
1.6750134570873518	-3.3657609537434663	3.262922432751136
1.6751224619660745	-3.3657609537434663	3.2626747372233
1.6752314668447972	-3.3657609537434663	3.262426937065399
1.6753404717235199	-3.3657609537434663	3.2621790322236635
1.6754494766022425	-3.3657609537434663	3.261931022644351
1.6755584814809652	-3.3657609537434663	3.2616829082737198
1.6756674863596879	-3.3657609537434663	3.2614346890580244
1.6757764912384105	-3.3657609537434663	3.2611863649435087
1.6758854961171332	-3.3657609537434663	3.260937935876438
1.675994500995856	-3.3657609537434663	3.260689401803063
1.6761035058745786	-3.3657609537434663	3.2604407626696243
1.6762125107533012	-3.3657609537434663	3.260192018422398
1.676321515632024	-3.3657609537434663	3.259943169007606
1.6764305205107466	-3.3657609537434663	3.259694214371521
1.6765395253894693	-3.3657609537434663	3.2594451544603906
1.676648530268192	-3.3657609537434663	3.259195989220469
1.6767575351469146	-3.3657609537434663	3.258946718598011
1.6768665400256373	-3.3657609537434663	3.258697342539268
1.67697554490436	-3.3657609537434663	3.258447860990497
1.6770845497830829	-3.3657609537434663	3.2581982738979356
1.6771935546618055	-3.3657609537434663	3.257948581207863
1.6773025595405282	-3.3657609537434663	3.2576987828665054
1.6774115644192509	-3.3657609537434663	3.257448878820135
1.6775205692979736	-3.3657609537434663	3.2571988690149887
1.6776295741766962	-3.3657609537434663	3.256948753397328
1.677738579055419	-3.3657609537434663	3.2566985319134076
1.6778475839341416	-3.3657609537434663	3.256448204509475
1.6779565888128642	-3.3657609537434663	3.256197771131788
1.678065593691587	-3.3657609537434663	3.2559472317265943
1.6781745985703096	-3.3657609537434663	3.255696586240152
1.6782836034490323	-3.3657609537434663	3.2554458346187225
1.678392608327755	-3.3657609537434663	3.2551949768085358
1.6785016132064776	-3.3657609537434663	3.2549440127558675
1.6786106180852003	-3.3657609537434663	3.2546929424069546
1.678719622963923	-3.3657609537434663	3.2544417657080515
1.6788286278426456	-3.3657609537434663	3.2541904826054164
1.6789376327213683	-3.3657609537434663	3.2539390930452967
1.679046637600091	-3.3657609537434663	3.253687596973954
1.6791556424788137	-3.3657609537434663	3.2534359943376394
1.6792646473575363	-3.3657609537434663	3.253184285082611
1.679373652236259	-3.3657609537434663	3.252932469155102
1.6794826571149817	-3.3657609537434663	3.252680546501388
1.6795916619937044	-3.3657609537434663	3.252428517067699
1.679700666872427	-3.3657609537434663	3.2521763808003037
1.6798096717511497	-3.3657609537434663	3.251924137645453
1.6799186766298724	-3.3657609537434663	3.2516717875493946
1.680027681508595	-3.3657609537434663	3.251419330458379
1.6801366863873177	-3.3657609537434663	3.2511667663186756
1.6802456912660404	-3.3657609537434663	3.250914095076528
1.680354696144763	-3.3657609537434663	3.2506613166781833
1.6804637010234857	-3.3657609537434663	3.2504084310698964
1.6805727059022084	-3.3657609537434663	3.250155438197936
1.6806817107809313	-3.3657609537434663	3.2499023380085212
1.680790715659654	-3.3657609537434663	3.2496491304479385
1.6808997205383767	-3.3657609537434663	3.2493958154624245
1.6810087254170993	-3.3657609537434663	3.2491423929982304
1.681117730295822	-3.3657609537434663	3.248888863001614
1.6812267351745447	-3.3657609537434663	3.248635225418834
1.6813357400532674	-3.3657609537434663	3.24838148019613
1.68144474493199	-3.3657609537434663	3.248127627279768
1.6815537498107127	-3.3657609537434663	3.2478736666160017
1.6816627546894354	-3.3657609537434663	3.247619598151065
1.681771759568158	-3.3657609537434663	3.2473654218312333
1.6818807644468807	-3.3657609537434663	3.2471111376027473
1.6819897693256034	-3.3657609537434663	3.2468567454118578
1.682098774204326	-3.3657609537434663	3.2466022452048158
1.6822077790830487	-3.3657609537434663	3.24634763692789
1.6823167839617714	-3.3657609537434663	3.246092920527314
1.682425788840494	-3.3657609537434663	3.2458380959493596
1.6825347937192168	-3.3657609537434663	3.2455831631402745
1.6826437985979394	-3.3657609537434663	3.2453281220462955
1.6827528034766621	-3.3657609537434663	3.245072972613695
1.6828618083553848	-3.3657609537434663	3.24481771478872
1.6829708132341075	-3.3657609537434663	3.244562348517615
1.6830798181128301	-3.3657609537434663	3.244306873746641
1.6831888229915528	-3.3657609537434663	3.2440512904220498
1.6832978278702755	-3.3657609537434663	3.243795598490088
1.6834068327489982	-3.3657609537434663	3.243539797897025
1.6835158376277208	-3.3657609537434663	3.2432838885890938
1.6836248425064435	-3.3657609537434663	3.2430278705125666
1.6837338473851662	-3.3657609537434663	3.2427717436136803
1.6838428522638889	-3.3657609537434663	3.242515507838707
1.6839518571426115	-3.3657609537434663	3.2422591631338733
1.6840608620213344	-3.3657609537434663	3.2420027094454476
1.6841698669000569	-3.3657609537434663	3.24174614671967
1.6842788717787798	-3.3657609537434663	3.2414894749028136
1.6843878766575024	-3.3657609537434663	3.2412326939411216
1.6844968815362251	-3.3657609537434663	3.2409758037808416
1.6846058864149478	-3.3657609537434663	3.2407188043682353
1.6847148912936705	-3.3657609537434663	3.2404616956495502
1.6848238961723931	-3.3657609537434663	3.2402044775710515
1.6849329010511158	-3.3657609537434663	3.2399471500789723
1.6850419059298385	-3.3657609537434663	3.2396897131195708
1.6851509108085612	-3.3657609537434663	3.2394321666391193
1.6852599156872838	-3.3657609537434663	3.239174510583844
1.6853689205660065	-3.3657609537434663	3.2389167449000063
1.6854779254447292	-3.3657609537434663	3.2386588695338645
1.6855869303234519	-3.3657609537434663	3.2384008844316696
1.6856959352021745	-3.3657609537434663	3.238142789539669
1.6858049400808972	-3.3657609537434663	3.2378845848041244
1.6859139449596199	-3.3657609537434663	3.2376262701712903
1.6860229498383426	-3.3657609537434663	3.237367845587407
1.6861319547170652	-3.3657609537434663	3.237109310998747
1.686240959595788	-3.3657609537434663	3.236850666351536
1.6863499644745106	-3.3657609537434663	3.2365919115920434
1.6864589693532333	-3.3657609537434663	3.2363330466665197
1.686567974231956	-3.3657609537434663	3.236074071521216
1.6866769791106786	-3.3657609537434663	3.2358149861023904
1.6867859839894013	-3.3657609537434663	3.235555790356287
1.686894988868124	-3.3657609537434663	3.235296484229181
1.6870039937468466	-3.3657609537434663	3.235037067667296
1.6871129986255693	-3.3657609537434663	3.234777540616907
1.687222003504292	-3.3657609537434663	3.2345179030242477
1.6873310083830146	-3.3657609537434663	3.2342581548355867
1.6874400132617373	-3.3657609537434663	3.2339982959971607
1.68754901814046	-3.3657609537434663	3.2337383264552386
1.6876580230191829	-3.3657609537434663	3.233478246156068
1.6877670278979053	-3.3657609537434663	3.2332180550458958
1.6878760327766282	-3.3657609537434663	3.2329577530709876
1.687985037655351	-3.3657609537434663	3.232697340177591
1.6880940425340736	-3.3657609537434663	3.232436816311953
1.6882030474127963	-3.3657609537434663	3.2321761814203356
1.688312052291519	-3.3657609537434663	3.231915435448979
1.6884210571702416	-3.3657609537434663	3.231654578344159
1.6885300620489643	-3.3657609537434663	3.231393610052095
1.688639066927687	-3.3657609537434663	3.2311325305190692
1.6887480718064096	-3.3657609537434663	3.230871339691312
1.6888570766851323	-3.3657609537434663	3.2306100375150955
1.688966081563855	-3.3657609537434663	3.23034862393666
1.6890750864425776	-3.3657609537434663	3.23008709890226
1.6891840913213003	-3.3657609537434663	3.2298254623581677
1.689293096200023	-3.3657609537434663	3.229563714250606
1.6894021010787457	-3.3657609537434663	3.229301854525861
1.6895111059574683	-3.3657609537434663	3.2290398831301452
1.689620110836191	-3.3657609537434663	3.228777800009734
1.6897291157149137	-3.3657609537434663	3.228515605110882
1.6898381205936364	-3.3657609537434663	3.2282532983798404
1.689947125472359	-3.3657609537434663	3.22799087976286
1.6900561303510817	-3.3657609537434663	3.2277283492061883
1.6901651352298044	-3.3657609537434663	3.227465706656094
1.690274140108527	-3.3657609537434663	3.2272029520588177
1.6903831449872497	-3.3657609537434663	3.22694008536061
1.6904921498659724	-3.3657609537434663	3.2266771065077435
1.690601154744695	-3.3657609537434663	3.2264140154464407
1.6907101596234178	-3.3657609537434663	3.2261508121229703
1.6908191645021404	-3.3657609537434663	3.225887496483587
1.690928169380863	-3.3657609537434663	3.225624068474538
1.6910371742595858	-3.3657609537434663	3.225360528042085
1.6911461791383084	-3.3657609537434663	3.2250968751324756
1.6912551840170313	-3.3657609537434663	3.2248331096919607
1.6913641888957538	-3.3657609537434663	3.2245692316667984
1.6914731937744767	-3.3657609537434663	3.22430524100324
1.6915821986531994	-3.3657609537434663	3.224041137647532
1.691691203531922	-3.3657609537434663	3.2237769215459373
1.6918002084106447	-3.3657609537434663	3.2235125926446955
1.6919092132893674	-3.3657609537434663	3.2232481508900683
1.69201821816809	-3.3657609537434663	3.2229835962283104
1.6921272230468127	-3.3657609537434663	3.222718928605669
1.6922362279255354	-3.3657609537434663	3.222454147968403
1.692345232804258	-3.3657609537434663	3.2221892542627586
1.6924542376829808	-3.3657609537434663	3.221924247435009
1.6925632425617034	-3.3657609537434663	3.2216591274313764
1.692672247440426	-3.3657609537434663	3.221393894198126
1.6927812523191488	-3.3657609537434663	3.221128547681527
1.6928902571978715	-3.3657609537434663	3.2208630878278015
1.6929992620765941	-3.3657609537434663	3.2205975145832255
1.6931082669553168	-3.3657609537434663	3.2203318278940394
1.6932172718340395	-3.3657609537434663	3.2200660277065047
1.6933262767127621	-3.3657609537434663	3.2198001139668726
1.6934352815914848	-3.3657609537434663	3.219534086621394
1.6935442864702075	-3.3657609537434663	3.2192679456163305
1.6936532913489302	-3.3657609537434663	3.219001690897919
1.6937622962276528	-3.3657609537434663	3.218735322412428
1.6938713011063755	-3.3657609537434663	3.2184688401060946
1.6939803059850982	-3.3657609537434663	3.2182022439251803
1.6940893108638209	-3.3657609537434663	3.217935533815936
1.6941983157425435	-3.3657609537434663	3.2176687097246166
1.6943073206212662	-3.3657609537434663	3.2174017715974763
1.6944163254999889	-3.3657609537434663	3.2171347193807662
1.6945253303787116	-3.3657609537434663	3.216867553020748
1.6946343352574342	-3.3657609537434663	3.216600272463662
1.694743340136157	-3.3657609537434663	3.2163328776557556
1.6948523450148798	-3.3657609537434663	3.216065368543301
1.6949613498936025	-3.3657609537434663	3.215797745072532
1.6950703547723251	-3.3657609537434663	3.2155300071897273
1.6951793596510478	-3.3657609537434663	3.2152621548411098
1.6952883645297705	-3.3657609537434663	3.2149941879729447
1.6953973694084932	-3.3657609537434663	3.2147261065314865
1.6955063742872158	-3.3657609537434663	3.21445791046299
1.6956153791659385	-3.3657609537434663	3.214189599713702
1.6957243840446612	-3.3657609537434663	3.213921174229881
1.6958333889233839	-3.3657609537434663	3.213652633957789
1.6959423938021065	-3.3657609537434663	3.2133839788436553
1.6960513986808292	-3.3657609537434663	3.213115208833756
1.6961604035595519	-3.3657609537434663	3.2128463238743272
1.6962694084382746	-3.3657609537434663	3.212577323911624
1.6963784133169972	-3.3657609537434663	3.2123082088919013
1.69648741819572	-3.3657609537434663	3.21203897876142
1.6965964230744426	-3.3657609537434663	3.2117696334664174
1.6967054279531653	-3.3657609537434663	3.2115001729531656
1.696814432831888	-3.3657609537434663	3.211230597167912
1.6969234377106106	-3.3657609537434663	3.2109609060568935
1.6970324425893333	-3.3657609537434663	3.2106910995663895
1.697141447468056	-3.3657609537434663	3.210421177642626
1.6972504523467786	-3.3657609537434663	3.210151140231872
1.6973594572255013	-3.3657609537434663	3.2098809872803713
1.697468462104224	-3.3657609537434663	3.2096107187343854
1.6975774669829466	-3.3657609537434663	3.2093403345401654
1.6976864718616693	-3.3657609537434663	3.209069834643959
1.697795476740392	-3.3657609537434663	3.2087992189920165
1.6979044816191147	-3.3657609537434663	3.2085284875306144
1.6980134864978373	-3.3657609537434663	3.208257640205975
1.69812249137656	-3.3657609537434663	3.2079866769643814
1.6982314962552827	-3.3657609537434663	3.2077155977520526
1.6983405011340054	-3.3657609537434663	3.2074444025152573
1.6984495060127283	-3.3657609537434663	3.2071730912002607
1.698558510891451	-3.3657609537434663	3.2069016637532926
1.6986675157701736	-3.3657609537434663	3.2066301201206144
1.6987765206488963	-3.3657609537434663	3.2063584602484916
1.698885525527619	-3.3657609537434663	3.2060866840831643
1.6989945304063416	-3.3657609537434663	3.2058147915708872
1.6991035352850643	-3.3657609537434663	3.2055427826579255
1.699212540163787	-3.3657609537434663	3.2052706572905123
1.6993215450425097	-3.3657609537434663	3.20499841541492
1.6994305499212323	-3.3657609537434663	3.2047260569773854
1.699539554799955	-3.3657609537434663	3.204453581924156
1.6996485596786777	-3.3657609537434663	3.204180990201504
1.6997575645574003	-3.3657609537434663	3.203908281755673
1.699866569436123	-3.3657609537434663	3.2036354565329113
1.6999755743148457	-3.3657609537434663	3.203362514479487
1.7000845791935684	-3.3657609537434663	3.203089455541644
1.700193584072291	-3.3657609537434663	3.202816279665633
1.7003025889510137	-3.3657609537434663	3.2025429867977024
1.7004115938297364	-3.3657609537434663	3.2022695768841203
1.700520598708459	-3.3657609537434663	3.201996049871127
1.7006296035871817	-3.3657609537434663	3.201722405704974
1.7007386084659044	-3.3657609537434663	3.2014486443319186
1.700847613344627	-3.3657609537434663	3.2011747656982195
1.7009566182233498	-3.3657609537434663	3.2009007697501204
1.7010656231020724	-3.3657609537434663	3.200626656433876
1.701174627980795	-3.3657609537434663	3.200352425695751
1.7012836328595178	-3.3657609537434663	3.200078077481983
1.7013926377382405	-3.3657609537434663	3.1998036117388367
1.7015016426169631	-3.3657609537434663	3.1995290284125524
1.7016106474956858	-3.3657609537434663	3.199254327449381
1.7017196523744085	-3.3657609537434663	3.1989795087955955
1.7018286572531314	-3.3657609537434663	3.1987045723974354
1.7019376621318538	-3.3657609537434663	3.198429518201145
1.7020466670105767	-3.3657609537434663	3.198154346152993
1.7021556718892994	-3.3657609537434663	3.1978790561992305
1.702264676768022	-3.3657609537434663	3.1976036482861048
1.7023736816467447	-3.3657609537434663	3.197328122359874
1.7024826865254674	-3.3657609537434663	3.1970524783667855
1.70259169140419	-3.3657609537434663	3.196776716253087
1.7027006962829128	-3.3657609537434663	3.1965008359650575
1.7028097011616354	-3.3657609537434663	3.196224837448913
1.702918706040358	-3.3657609537434663	3.1959487206509323
1.7030277109190808	-3.3657609537434663	3.195672485517349
1.7031367157978035	-3.3657609537434663	3.195396131994439
1.7032457206765261	-3.3657609537434663	3.1951196600284355
1.7033547255552488	-3.3657609537434663	3.194843069565607
1.7034637304339715	-3.3657609537434663	3.1945663605522014
1.7035727353126942	-3.3657609537434663	3.1942895329344587
1.7036817401914168	-3.3657609537434663	3.1940125866586584
1.7037907450701395	-3.3657609537434663	3.193735521671023
1.7038997499488622	-3.3657609537434663	3.1934583379178214
1.7040087548275848	-3.3657609537434663	3.193181035345301
1.7041177597063075	-3.3657609537434663	3.1929036138997233
1.7042267645850302	-3.3657609537434663	3.192626073527336
1.7043357694637529	-3.3657609537434663	3.1923484141743863
1.7044447743424755	-3.3657609537434663	3.1920706357871502
1.7045537792211982	-3.3657609537434663	3.1917927383118467
1.704662784099921	-3.3657609537434663	3.1915147216947517
1.7047717889786436	-3.3657609537434663	3.191236585882116
1.7048807938573662	-3.3657609537434663	3.1909583308201803
1.704989798736089	-3.3657609537434663	3.1906799564552095
1.7050988036148116	-3.3657609537434663	3.190401462733444
1.7052078084935343	-3.3657609537434663	3.190122849601156
1.705316813372257	-3.3657609537434663	3.1898441170045757
1.7054258182509798	-3.3657609537434663	3.1895652648899784
1.7055348231297023	-3.3657609537434663	3.1892862932036117
1.7056438280084252	-3.3657609537434663	3.1890072018917053
1.7057528328871479	-3.3657609537434663	3.1887279909005457
1.7058618377658705	-3.3657609537434663	3.1884486601763626
1.7059708426445932	-3.3657609537434663	3.1881692096654284
1.7060798475233159	-3.3657609537434663	3.187889639313969
1.7061888524020385	-3.3657609537434663	3.187609949068257
1.7062978572807612	-3.3657609537434663	3.1873301388745396
1.706406862159484	-3.3657609537434663	3.187050208679068
1.7065158670382066	-3.3657609537434663	3.1867701584281
1.7066248719169292	-3.3657609537434663	3.1864899880678834
1.706733876795652	-3.3657609537434663	3.1862096975446867
1.7068428816743746	-3.3657609537434663	3.1859292868047433
1.7069518865530973	-3.3657609537434663	3.185648755794304
1.70706089143182	-3.3657609537434663	3.1853681044596485
1.7071698963105426	-3.3657609537434663	3.1850873327469955
1.7072789011892653	-3.3657609537434663	3.184806440602614
1.707387906067988	-3.3657609537434663	3.184525427972762
1.7074969109467106	-3.3657609537434663	3.184244294803687
1.7076059158254333	-3.3657609537434663	3.1839630410416397
1.707714920704156	-3.3657609537434663	3.1836816666328716
1.7078239255828787	-3.3657609537434663	3.1834001715236617
1.7079329304616013	-3.3657609537434663	3.183118555660215
1.708041935340324	-3.3657609537434663	3.182836818988836
1.7081509402190467	-3.3657609537434663	3.1825549614557325
1.7082599450977694	-3.3657609537434663	3.182272983007177
1.708368949976492	-3.3657609537434663	3.181990883589421
1.7084779548552147	-3.3657609537434663	3.1817086631487186
1.7085869597339374	-3.3657609537434663	3.181426321631328
1.70869596461266	-3.3657609537434663	3.1811438589834893
1.7088049694913827	-3.3657609537434663	3.1808612751514787
1.7089139743701054	-3.3657609537434663	3.180578570081522
1.7090229792488283	-3.3657609537434663	3.180295743719885
1.7091319841275507	-3.3657609537434663	3.180012796012825
1.7092409890062736	-3.3657609537434663	3.1797297269065794
1.7093499938849963	-3.3657609537434663	3.1794465363474096
1.709458998763719	-3.3657609537434663	3.17916322428157
1.7095680036424417	-3.3657609537434663	3.1788797906553086
1.7096770085211643	-3.3657609537434663	3.1785962354148865
1.709786013399887	-3.3657609537434663	3.178312558506555
1.7098950182786097	-3.3657609537434663	3.178028759876561
1.7100040231573324	-3.3657609537434663	3.17774483947116
1.710113028036055	-3.3657609537434663	3.1774607972366162
1.7102220329147777	-3.3657609537434663	3.1771766331191635
1.7103310377935004	-3.3657609537434663	3.1768923470650776
1.710440042672223	-3.3657609537434663	3.1766079390205775
1.7105490475509457	-3.3657609537434663	3.1763234089319425
1.7106580524296684	-3.3657609537434663	3.1760387567454167
1.710767057308391	-3.3657609537434663	3.1757539824072545
1.7108760621871137	-3.3657609537434663	3.1754690858637105
1.7109850670658364	-3.3657609537434663	3.175184067061032
1.711094071944559	-3.3657609537434663	3.1748989259454916
1.7112030768232818	-3.3657609537434663	3.1746136624633188
1.7113120817020044	-3.3657609537434663	3.1743282765607788
1.7114210865807271	-3.3657609537434663	3.174042768184112
1.7115300914594498	-3.3657609537434663	3.1737571372795834
1.7116390963381725	-3.3657609537434663	3.173471383793437
1.7117481012168951	-3.3657609537434663	3.1731855076719313
1.7118571060956178	-3.3657609537434663	3.1728995088613168
1.7119661109743405	-3.3657609537434663	3.1726133873078517
1.7120751158530632	-3.3657609537434663	3.1723271429577977
1.7121841207317858	-3.3657609537434663	3.172040775757381
1.7122931256105085	-3.3657609537434663	3.17175428565287
1.7124021304892312	-3.3657609537434663	3.1714676725905306
1.7125111353679539	-3.3657609537434663	3.1711809365165884
1.7126201402466767	-3.3657609537434663	3.170894077377312
1.7127291451253994	-3.3657609537434663	3.170607095118946
1.712838150004122	-3.3657609537434663	3.170319989687755
1.7129471548828448	-3.3657609537434663	3.1700327610299794
1.7130561597615674	-3.3657609537434663	3.1697454090918846
1.7131651646402901	-3.3657609537434663	3.1694579338197144
1.7132741695190128	-3.3657609537434663	3.1691703351597234
1.7133831743977355	-3.3657609537434663	3.1688826130581766
1.7134921792764581	-3.3657609537434663	3.1685947674613075
1.7136011841551808	-3.3657609537434663	3.1683067983153883
1.7137101890339035	-3.3657609537434663	3.1680187055666558
1.7138191939126262	-3.3657609537434663	3.1677304891613574
1.7139281987913488	-3.3657609537434663	3.1674421490457654
1.7140372036700715	-3.3657609537434663	3.1671536851661237
1.7141462085487942	-3.3657609537434663	3.16686509746868
1.7142552134275169	-3.3657609537434663	3.166576385899699
1.7143642183062395	-3.3657609537434663	3.166287550405432
1.7144732231849622	-3.3657609537434663	3.165998590932123
1.7145822280636849	-3.3657609537434663	3.165709507426026
1.7146912329424076	-3.3657609537434663	3.165420299833407
1.7148002378211302	-3.3657609537434663	3.1651309681005024
1.714909242699853	-3.3657609537434663	3.1648415121735702
1.7150182475785756	-3.3657609537434663	3.164551931998865
1.7151272524572982	-3.3657609537434663	3.164262227522638
1.715236257336021	-3.3657609537434663	3.1639723986911434
1.7153452622147436	-3.3657609537434663	3.1636824454506325
1.7154542670934663	-3.3657609537434663	3.1633923677473774
1.715563271972189	-3.3657609537434663	3.1631021655275973
1.7156722768509116	-3.3657609537434663	3.162811838737575
1.7157812817296343	-3.3657609537434663	3.1625213873235367
1.715890286608357	-3.3657609537434663	3.162230811231751
1.7159992914870796	-3.3657609537434663	3.161940110408466
1.7161082963658023	-3.3657609537434663	3.161649284799939
1.7162173012445252	-3.3657609537434663	3.1613583343524247
1.7163263061232479	-3.3657609537434663	3.1610672590121673
1.7164353110019706	-3.3657609537434663	3.1607760587254248
1.7165443158806932	-3.3657609537434663	3.160484733438448
1.716653320759416	-3.3657609537434663	3.1601932830975024
1.7167623256381386	-3.3657609537434663	3.1599017076488245
1.7168713305168612	-3.3657609537434663	3.1596100070386655
1.716980335395584	-3.3657609537434663	3.159318181213301
1.7170893402743066	-3.3657609537434663	3.1590262301189505
1.7171983451530293	-3.3657609537434663	3.1587341537018894
1.717307350031752	-3.3657609537434663	3.1584419519083653
1.7174163549104746	-3.3657609537434663	3.158149624684633
1.7175253597891973	-3.3657609537434663	3.1578571719769464
1.71763436466792	-3.3657609537434663	3.15756459373155
1.7177433695466426	-3.3657609537434663	3.157271889894716
1.7178523744253653	-3.3657609537434663	3.1569790604126773
1.717961379304088	-3.3657609537434663	3.1566861052316995
1.7180703841828107	-3.3657609537434663	3.1563930242980227
1.7181793890615333	-3.3657609537434663	3.1560998175579016
1.718288393940256	-3.3657609537434663	3.1558064849575977
1.7183973988189787	-3.3657609537434663	3.155513026443362
1.7185064036977014	-3.3657609537434663	3.155219441961446
1.718615408576424	-3.3657609537434663	3.1549257314580963
1.7187244134551467	-3.3657609537434663	3.1546318948795893
1.7188334183338694	-3.3657609537434663	3.1543379321721403
1.718942423212592	-3.3657609537434663	3.1540438432820395
1.7190514280913147	-3.3657609537434663	3.153749628155513
1.7191604329700374	-3.3657609537434663	3.1534552867388186
1.71926943784876	-3.3657609537434663	3.1531608189782183
1.7193784427274827	-3.3657609537434663	3.1528662248199595
1.7194874476062054	-3.3657609537434663	3.1525715042103
1.719596452484928	-3.3657609537434663	3.1522766570954808
1.7197054573636508	-3.3657609537434663	3.1519816834217806
1.7198144622423737	-3.3657609537434663	3.1516865831354117
1.7199234671210963	-3.3657609537434663	3.151391356182657
1.720032471999819	-3.3657609537434663	3.1510960025097745
1.7201414768785417	-3.3657609537434663	3.150800522063001
1.7202504817572644	-3.3657609537434663	3.150504914788595
1.720359486635987	-3.3657609537434663	3.150209180632796
1.7204684915147097	-3.3657609537434663	3.14991331954187
1.7205774963934324	-3.3657609537434663	3.149617331462075
1.720686501272155	-3.3657609537434663	3.1493212163396507
1.7207955061508777	-3.3657609537434663	3.1490249741208594
1.7209045110296004	-3.3657609537434663	3.1487286047519447
1.721013515908323	-3.3657609537434663	3.148432108179186
1.7211225207870458	-3.3657609537434663	3.1481354843488027
1.7212315256657684	-3.3657609537434663	3.1478387332070703
1.721340530544491	-3.3657609537434663	3.147541854700222
1.7214495354232138	-3.3657609537434663	3.1472448487745233
1.7215585403019364	-3.3657609537434663	3.1469477153762213
1.7216675451806591	-3.3657609537434663	3.1466504544515743
1.7217765500593818	-3.3657609537434663	3.1463530659468297
1.7218855549381045	-3.3657609537434663	3.146055549808249
1.7219945598168271	-3.3657609537434663	3.145757905982091
1.7221035646955498	-3.3657609537434663	3.1454601344145843
1.7222125695742725	-3.3657609537434663	3.1451622350519983
1.7223215744529952	-3.3657609537434663	3.144864207840591
1.7224305793317178	-3.3657609537434663	3.1445660527265993
1.7225395842104405	-3.3657609537434663	3.1442677696562775
1.7226485890891632	-3.3657609537434663	3.1439693585758945
1.7227575939678859	-3.3657609537434663	3.1436708194316907
1.7228665988466085	-3.3657609537434663	3.1433721521699205
1.7229756037253312	-3.3657609537434663	3.143073356736835
1.7230846086040539	-3.3657609537434663	3.1427744330787064
1.7231936134827768	-3.3657609537434663	3.142475381141754
1.7233026183614992	-3.3657609537434663	3.1421762008722673
1.7234116232402221	-3.3657609537434663	3.1418768922164624
1.7235206281189448	-3.3657609537434663	3.141577455120622
1.7236296329976675	-3.3657609537434663	3.141277889530979
1.7237386378763901	-3.3657609537434663	3.140978195393796
1.7238476427551128	-3.3657609537434663	3.1406783726553194
1.7239566476338355	-3.3657609537434663	3.1403784212618113
1.7240656525125582	-3.3657609537434663	3.1400783411595192
1.7241746573912808	-3.3657609537434663	3.139778132294694
1.7242836622700035	-3.3657609537434663	3.139477794613608
1.7243926671487262	-3.3657609537434663	3.1391773280624804
1.7245016720274489	-3.3657609537434663	3.1388767325875833
1.7246106769061715	-3.3657609537434663	3.138576008135182
1.7247196817848942	-3.3657609537434663	3.138275154651499
1.7248286866636169	-3.3657609537434663	3.137974172082803
1.7249376915423396	-3.3657609537434663	3.137673060375352
1.7250466964210622	-3.3657609537434663	3.1373718194753906
1.725155701299785	-3.3657609537434663	3.137070449329176
1.7252647061785076	-3.3657609537434663	3.1367689498829563
1.7253737110572303	-3.3657609537434663	3.1364673210830034
1.725482715935953	-3.3657609537434663	3.136165562875547
1.7255917208146756	-3.3657609537434663	3.1358636752068527
1.7257007256933983	-3.3657609537434663	3.1355616580231604
1.725809730572121	-3.3657609537434663	3.1352595112707355
1.7259187354508436	-3.3657609537434663	3.1349572348958183
1.7260277403295663	-3.3657609537434663	3.1346548288446776
1.726136745208289	-3.3657609537434663	3.13435229306355
1.7262457500870116	-3.3657609537434663	3.134049627498708
1.7263547549657343	-3.3657609537434663	3.1337468320963957
1.726463759844457	-3.3657609537434663	3.133443906802853
1.7265727647231797	-3.3657609537434663	3.133140851564349
1.7266817696019023	-3.3657609537434663	3.132837666327145
1.7267907744806252	-3.3657609537434663	3.13253435103746
1.7268997793593477	-3.3657609537434663	3.132230905641574
1.7270087842380706	-3.3657609537434663	3.1319273300857375
1.7271177891167933	-3.3657609537434663	3.131623624316191
1.727226793995516	-3.3657609537434663	3.131319788279196
1.7273357988742386	-3.3657609537434663	3.131015821921004
1.7274448037529613	-3.3657609537434663	3.1307117251878687
1.727553808631684	-3.3657609537434663	3.130407498026049
1.7276628135104066	-3.3657609537434663	3.130103140381795
1.7277718183891293	-3.3657609537434663	3.129798652201348
1.727880823267852	-3.3657609537434663	3.12949403343098
1.7279898281465746	-3.3657609537434663	3.1291892840169204
1.7280988330252973	-3.3657609537434663	3.128884403905438
1.72820783790402	-3.3657609537434663	3.128579393042777
1.7283168427827427	-3.3657609537434663	3.128274251375199
1.7284258476614653	-3.3657609537434663	3.127968978848955
1.728534852540188	-3.3657609537434663	3.1276635754102955
1.7286438574189107	-3.3657609537434663	3.127358041005486
1.7287528622976334	-3.3657609537434663	3.127052375580753
1.728861867176356	-3.3657609537434663	3.126746579082379
1.7289708720550787	-3.3657609537434663	3.1264406514565906
1.7290798769338014	-3.3657609537434663	3.126134592649656
1.729188881812524	-3.3657609537434663	3.1258284026078194
1.7292978866912467	-3.3657609537434663	3.125522081277335
1.7294068915699694	-3.3657609537434663	3.1252156286044688
1.729515896448692	-3.3657609537434663	3.1249090445354604
1.7296249013274148	-3.3657609537434663	3.124602329016561
1.7297339062061374	-3.3657609537434663	3.124295481994043
1.72984291108486	-3.3657609537434663	3.123988503414136
1.7299519159635828	-3.3657609537434663	3.1236813932231122
1.7300609208423054	-3.3657609537434663	3.1233741513672015
1.7301699257210281	-3.3657609537434663	3.1230667777926726
1.7302789305997508	-3.3657609537434663	3.122759272445773
1.7303879354784737	-3.3657609537434663	3.122451635272764
1.7304969403571961	-3.3657609537434663	3.1221438662198864
1.730605945235919	-3.3657609537434663	3.1218359652334016
1.7307149501146417	-3.3657609537434663	3.1215279322595606
1.7308239549933644	-3.3657609537434663	3.121219767244611
1.730932959872087	-3.3657609537434663	3.120911470134825
1.7310419647508097	-3.3657609537434663	3.120603040876432
1.7311509696295324	-3.3657609537434663	3.1202944794157013
1.731259974508255	-3.3657609537434663	3.1199857856988693
1.7313689793869778	-3.3657609537434663	3.1196769596721943
1.7314779842657004	-3.3657609537434663	3.1193680012819343
1.731586989144423	-3.3657609537434663	3.119058910474344
1.7316959940231458	-3.3657609537434663	3.1187496871956775
1.7318049989018685	-3.3657609537434663	3.1184403313921756
1.7319140037805911	-3.3657609537434663	3.118130843010107
1.7320230086593138	-3.3657609537434663	3.117821221995708
1.7321320135380365	-3.3657609537434663	3.117511468295241
1.7322410184167591	-3.3657609537434663	3.1172015818549745
1.7323500232954818	-3.3657609537434663	3.1168915626211273
1.7324590281742045	-3.3657609537434663	3.116581410539972
1.7325680330529272	-3.3657609537434663	3.1162711255577555
1.7326770379316498	-3.3657609537434663	3.1159607076207365
1.7327860428103725	-3.3657609537434663	3.1156501566751693
1.7328950476890952	-3.3657609537434663	3.115339472667298
1.7330040525678179	-3.3657609537434663	3.115028655543398
1.7331130574465405	-3.3657609537434663	3.114717705249692
1.7332220623252632	-3.3657609537434663	3.1144066217324564
1.7333310672039859	-3.3657609537434663	3.1140954049379133
1.7334400720827086	-3.3657609537434663	3.113784054812349
1.7335490769614312	-3.3657609537434663	3.1134725713019975
1.733658081840154	-3.3657609537434663	3.11316095435312
1.7337670867188766	-3.3657609537434663	3.11284920391196
1.7338760915975993	-3.3657609537434663	3.112537319924783
1.7339850964763222	-3.3657609537434663	3.1122253023378406
1.7340941013550448	-3.3657609537434663	3.1119131510973723
1.7342031062337675	-3.3657609537434663	3.111600866149658
1.7343121111124902	-3.3657609537434663	3.111288447440913
1.7344211159912128	-3.3657609537434663	3.110975894917413
1.7345301208699355	-3.3657609537434663	3.1106632085254233
1.7346391257486582	-3.3657609537434663	3.1103503882111667
1.7347481306273809	-3.3657609537434663	3.1100374339209083
1.7348571355061035	-3.3657609537434663	3.109724345600906
1.7349661403848262	-3.3657609537434663	3.1094111231974075
1.735075145263549	-3.3657609537434663	3.109097766656671
1.7351841501422716	-3.3657609537434663	3.1087842759249433
1.7352931550209942	-3.3657609537434663	3.108470650948494
1.735402159899717	-3.3657609537434663	3.1081568916735485
1.7355111647784396	-3.3657609537434663	3.1078429980463866
1.7356201696571623	-3.3657609537434663	3.107528970013238
1.735729174535885	-3.3657609537434663	3.1072148075203607
1.7358381794146076	-3.3657609537434663	3.10690051051402
1.7359471842933303	-3.3657609537434663	3.1065860789404596
1.736056189172053	-3.3657609537434663	3.106271512745927
1.7361651940507756	-3.3657609537434663	3.1059568118766876
1.7362741989294983	-3.3657609537434663	3.105641976279003
1.736383203808221	-3.3657609537434663	3.1053270058990954
1.7364922086869437	-3.3657609537434663	3.1050119006832375
1.7366012135656663	-3.3657609537434663	3.1046966605776873
1.736710218444389	-3.3657609537434663	3.104381285528685
1.7368192233231117	-3.3657609537434663	3.1040657754824785
1.7369282282018343	-3.3657609537434663	3.1037501303853396
1.737037233080557	-3.3657609537434663	3.103434350183509
1.7371462379592797	-3.3657609537434663	3.103118434823241
1.7372552428380024	-3.3657609537434663	3.1028023842507864
1.737364247716725	-3.3657609537434663	3.102486198412418
1.7374732525954477	-3.3657609537434663	3.1021698772543616
1.7375822574741706	-3.3657609537434663	3.101853420722879
1.7376912623528933	-3.3657609537434663	3.101536828764228
1.737800267231616	-3.3657609537434663	3.101220101324664
1.7379092721103386	-3.3657609537434663	3.1009032383504227
1.7380182769890613	-3.3657609537434663	3.10058623978777
1.738127281867784	-3.3657609537434663	3.1002691055829565
1.7382362867465067	-3.3657609537434663	3.099951835682237
1.7383452916252293	-3.3657609537434663	3.099634430031866
1.738454296503952	-3.3657609537434663	3.0993168885780875
1.7385633013826747	-3.3657609537434663	3.098999211267177
1.7386723062613973	-3.3657609537434663	3.0986813980453576
1.73878131114012	-3.3657609537434663	3.0983634488589047
1.7388903160188427	-3.3657609537434663	3.0980453636540553
1.7389993208975654	-3.3657609537434663	3.097727142377071
1.739108325776288	-3.3657609537434663	3.097408784974199
1.7392173306550107	-3.3657609537434663	3.097090291391691
1.7393263355337334	-3.3657609537434663	3.096771661575808
1.739435340412456	-3.3657609537434663	3.096452895472801
1.7395443452911787	-3.3657609537434663	3.096133993028925
1.7396533501699014	-3.3657609537434663	3.0958149541904376
1.739762355048624	-3.3657609537434663	3.0954957789035724
1.7398713599273468	-3.3657609537434663	3.095176467114605
1.7399803648060694	-3.3657609537434663	3.094857018769762
1.740089369684792	-3.3657609537434663	3.0945374338153115
1.7401983745635148	-3.3657609537434663	3.094217712197512
1.7403073794422375	-3.3657609537434663	3.0938978538626074
1.7404163843209601	-3.3657609537434663	3.0935778587568485
1.7405253891996828	-3.3657609537434663	3.093257726826497
1.7406343940784055	-3.3657609537434663	3.092937458017815
1.7407433989571282	-3.3657609537434663	3.0926170522770278
1.7408524038358508	-3.3657609537434663	3.0922965095504154
1.7409614087145737	-3.3657609537434663	3.0919758297842
1.7410704135932962	-3.3657609537434663	3.0916550129246687
1.741179418472019	-3.3657609537434663	3.0913340589180542
1.7412884233507417	-3.3657609537434663	3.0910129677106113
1.7413974282294644	-3.3657609537434663	3.090691739248591
1.741506433108187	-3.3657609537434663	3.0903703734782546
1.7416154379869098	-3.3657609537434663	3.0900488703458464
1.7417244428656324	-3.3657609537434663	3.0897272297976244
1.7418334477443551	-3.3657609537434663	3.08940545177985
1.7419424526230778	-3.3657609537434663	3.0890835362387605
1.7420514575018005	-3.3657609537434663	3.0887614831206136
1.7421604623805231	-3.3657609537434663	3.0884392923716746
1.7422694672592458	-3.3657609537434663	3.088116963938173
1.7423784721379685	-3.3657609537434663	3.0877944977663745
1.7424874770166912	-3.3657609537434663	3.0874718938025296
1.7425964818954138	-3.3657609537434663	3.0871491519928966
1.7427054867741365	-3.3657609537434663	3.0868262722837265
1.7428144916528592	-3.3657609537434663	3.0865032546212667
1.7429234965315819	-3.3657609537434663	3.0861800989517896
1.7430325014103045	-3.3657609537434663	3.085856805221521
1.7431415062890272	-3.3657609537434663	3.085533373376734
1.7432505111677499	-3.3657609537434663	3.0852098033636572
1.7433595160464725	-3.3657609537434663	3.084886095128571
1.7434685209251952	-3.3657609537434663	3.084562248617708
1.743577525803918	-3.3657609537434663	3.0842382637773333
1.7436865306826406	-3.3657609537434663	3.0839141405536914
1.7437955355613632	-3.3657609537434663	3.0835898788930436
1.743904540440086	-3.3657609537434663	3.083265478741648
1.7440135453188086	-3.3657609537434663	3.082940940045738
1.7441225501975313	-3.3657609537434663	3.0826162627515785
1.744231555076254	-3.3657609537434663	3.082291446805428
1.7443405599549766	-3.3657609537434663	3.081966492153523
1.7444495648336993	-3.3657609537434663	3.0816413987421285
1.7445585697124222	-3.3657609537434663	3.081316166517503
1.7446675745911446	-3.3657609537434663	3.0809907954258726
1.7447765794698675	-3.3657609537434663	3.08066528541352
1.7448855843485902	-3.3657609537434663	3.0803396364266824
1.7449945892273129	-3.3657609537434663	3.080013848411621
1.7451035941060355	-3.3657609537434663	3.0796879213145836
1.7452125989847582	-3.3657609537434663	3.0793618550818316
1.745321603863481	-3.3657609537434663	3.079035649659602
1.7454306087422036	-3.3657609537434663	3.0787093049941667
1.7455396136209262	-3.3657609537434663	3.078382821031756
1.745648618499649	-3.3657609537434663	3.078056197718638
1.7457576233783716	-3.3657609537434663	3.077729435001057
1.7458666282570943	-3.3657609537434663	3.0774025328252783
1.745975633135817	-3.3657609537434663	3.0770754911375384
1.7460846380145396	-3.3657609537434663	3.076748309884106
1.7461936428932623	-3.3657609537434663	3.0764209890112397
1.746302647771985	-3.3657609537434663	3.076093528465165
1.7464116526507076	-3.3657609537434663	3.075765928192151
1.7465206575294303	-3.3657609537434663	3.0754381881384667
1.746629662408153	-3.3657609537434663	3.0751103082503306
1.7467386672868757	-3.3657609537434663	3.0747822884740152
1.7468476721655983	-3.3657609537434663	3.074454128755768
1.746956677044321	-3.3657609537434663	3.074125829041847
1.7470656819230437	-3.3657609537434663	3.0737973892785035
1.7471746868017664	-3.3657609537434663	3.073468809411988
1.747283691680489	-3.3657609537434663	3.07314008938857
1.7473926965592117	-3.3657609537434663	3.0728112291544782
1.7475017014379344	-3.3657609537434663	3.072482228655982
1.747610706316657	-3.3657609537434663	3.0721530878393146
1.7477197111953797	-3.3657609537434663	3.071823806650748
1.7478287160741024	-3.3657609537434663	3.071494385036523
1.747937720952825	-3.3657609537434663	3.071164822942901
1.7480467258315477	-3.3657609537434663	3.0708351203161293
1.7481557307102706	-3.3657609537434663	3.0705052771024697
1.748264735588993	-3.3657609537434663	3.0701752932481696
1.748373740467716	-3.3657609537434663	3.069845168699473
1.7484827453464387	-3.3657609537434663	3.069514903402659
1.7485917502251613	-3.3657609537434663	3.0691844973039473
1.748700755103884	-3.3657609537434663	3.068853950349606
1.7488097599826067	-3.3657609537434663	3.068523262485904
1.7489187648613294	-3.3657609537434663	3.0681924336590605
1.749027769740052	-3.3657609537434663	3.0678614638153476
1.7491367746187747	-3.3657609537434663	3.0675303529010236
1.7492457794974974	-3.3657609537434663	3.067199100862325
1.74935478437622	-3.3657609537434663	3.066867707645521
1.7494637892549427	-3.3657609537434663	3.0665361731968517
1.7495727941336654	-3.3657609537434663	3.066204497462593
1.749681799012388	-3.3657609537434663	3.065872680388967
1.7497908038911107	-3.3657609537434663	3.0655407219222504
1.7498998087698334	-3.3657609537434663	3.0652086220086794
1.750008813648556	-3.3657609537434663	3.0648763805945123
1.7501178185272788	-3.3657609537434663	3.064543997626
1.7502268234060014	-3.3657609537434663	3.064211473049401
1.7503358282847241	-3.3657609537434663	3.063878806810962
1.7504448331634468	-3.3657609537434663	3.0635459988569487
1.7505538380421695	-3.3657609537434663	3.0632130491336085
1.7506628429208921	-3.3657609537434663	3.062879957587178
1.7507718477996148	-3.3657609537434663	3.062546724163937
1.7508808526783375	-3.3657609537434663	3.0622133488101184
1.7509898575570602	-3.3657609537434663	3.0618798314719733
1.7510988624357828	-3.3657609537434663	3.061546172095767
1.7512078673145055	-3.3657609537434663	3.06121237062775
1.7513168721932282	-3.3657609537434663	3.060878427014167
1.7514258770719509	-3.3657609537434663	3.0605443412012754
1.7515348819506737	-3.3657609537434663	3.0602101131353407
1.7516438868293962	-3.3657609537434663	3.059875742762607
1.751752891708119	-3.3657609537434663	3.059541230029307
1.7518618965868415	-3.3657609537434663	3.059206574881731
1.7519709014655644	-3.3657609537434663	3.0588717772660985
1.7520799063442871	-3.3657609537434663	3.0585368371286883
1.7521889112230098	-3.3657609537434663	3.0582017544157303
1.7522979161017325	-3.3657609537434663	3.0578665290734897
1.7524069209804551	-3.3657609537434663	3.057531161048214
1.7525159258591778	-3.3657609537434663	3.057195650286161
1.7526249307379005	-3.3657609537434663	3.056859996733589
1.7527339356166232	-3.3657609537434663	3.056524200336735
1.7528429404953458	-3.3657609537434663	3.056188261041882
1.7529519453740685	-3.3657609537434663	3.0558521787952415
1.7530609502527912	-3.3657609537434663	3.055515953543104
1.7531699551315139	-3.3657609537434663	3.055179585231695
1.7532789600102365	-3.3657609537434663	3.0548430738072767
1.7533879648889592	-3.3657609537434663	3.054506419216107
1.7534969697676819	-3.3657609537434663	3.0541696214044265
1.7536059746464046	-3.3657609537434663	3.0538326803185
1.7537149795251272	-3.3657609537434663	3.053495595904579
1.75382398440385	-3.3657609537434663	3.0531583681089316
1.7539329892825726	-3.3657609537434663	3.0528209968777738
1.7540419941612952	-3.3657609537434663	3.052483482157381
1.754150999040018	-3.3657609537434663	3.052145823894012
1.7542600039187406	-3.3657609537434663	3.0518080220338994
1.7543690087974633	-3.3657609537434663	3.0514700765233123
1.754478013676186	-3.3657609537434663	3.0511319873084943
1.7545870185549086	-3.3657609537434663	3.0507937543357073
1.7546960234336313	-3.3657609537434663	3.050455377551195
1.754805028312354	-3.3657609537434663	3.0501168569012194
1.7549140331910766	-3.3657609537434663	3.049778192332038
1.7550230380697993	-3.3657609537434663	3.049439383789881
1.7551320429485222	-3.3657609537434663	3.049100431221028
1.7552410478272447	-3.3657609537434663	3.0487613345717115
1.7553500527059676	-3.3657609537434663	3.0484220937881936
1.75545905758469	-3.3657609537434663	3.048082708816718
1.755568062463413	-3.3657609537434663	3.047743179603554
1.7556770673421356	-3.3657609537434663	3.0474035060949376
1.7557860722208583	-3.3657609537434663	3.0470636882371345
1.755895077099581	-3.3657609537434663	3.0467237259763884
1.7560040819783036	-3.3657609537434663	3.0463836192589575
1.7561130868570263	-3.3657609537434663	3.0460433680311105
1.756222091735749	-3.3657609537434663	3.045702972239063
1.7563310966144716	-3.3657609537434663	3.045362431829094
1.7564401014931943	-3.3657609537434663	3.0450217467474587
1.756549106371917	-3.3657609537434663	3.0446809169404006
1.7566581112506396	-3.3657609537434663	3.04433994235416
1.7567671161293623	-3.3657609537434663	3.0439988229350163
1.756876121008085	-3.3657609537434663	3.043657558629203
1.7569851258868077	-3.3657609537434663	3.043316149382985
1.7570941307655303	-3.3657609537434663	3.042974595142603
1.757203135644253	-3.3657609537434663	3.0426328958543323
1.7573121405229757	-3.3657609537434663	3.042291051464396
1.7574211454016984	-3.3657609537434663	3.0419490619190768
1.757530150280421	-3.3657609537434663	3.041606927164601
1.7576391551591437	-3.3657609537434663	3.0412646471472335
1.7577481600378664	-3.3657609537434663	3.0409222218132257
1.757857164916589	-3.3657609537434663	3.0405796511088248
1.7579661697953117	-3.3657609537434663	3.040236934980303
1.7580751746740344	-3.3657609537434663	3.039894073373894
1.758184179552757	-3.3657609537434663	3.0395510662358625
1.7582931844314797	-3.3657609537434663	3.039207913512449
1.7584021893102024	-3.3657609537434663	3.0388646151499152
1.758511194188925	-3.3657609537434663	3.0385211710945192
1.7586201990676478	-3.3657609537434663	3.0381775812925014
1.7587292039463707	-3.3657609537434663	3.0378338456901197
1.7588382088250931	-3.3657609537434663	3.0374899642336217
1.758947213703816	-3.3657609537434663	3.0371459368692797
1.7590562185825385	-3.3657609537434663	3.036801763543316
1.7591652234612614	-3.3657609537434663	3.036457444202007
1.759274228339984	-3.3657609537434663	3.0361129787916
1.7593832332187067	-3.3657609537434663	3.035768367258349
1.7594922380974294	-3.3657609537434663	3.0354236095485163
1.759601242976152	-3.3657609537434663	3.035078705608324
1.7597102478548747	-3.3657609537434663	3.034733655384059
1.7598192527335974	-3.3657609537434663	3.0343884588219474
1.75992825761232	-3.3657609537434663	3.0340431158682613
1.7600372624910428	-3.3657609537434663	3.0336976264692375
1.7601462673697654	-3.3657609537434663	3.033351990571145
1.760255272248488	-3.3657609537434663	3.033006208120227
1.7603642771272108	-3.3657609537434663	3.032660279062732
1.7604732820059334	-3.3657609537434663	3.032314203344942
1.7605822868846561	-3.3657609537434663	3.0319679809130697
1.7606912917633788	-3.3657609537434663	3.0316216117134047
1.7608002966421015	-3.3657609537434663	3.0312750956921555
1.7609093015208241	-3.3657609537434663	3.030928432795619
1.7610183063995468	-3.3657609537434663	3.0305816229700184
1.7611273112782695	-3.3657609537434663	3.030234666161622
1.7612363161569922	-3.3657609537434663	3.0298875623166737
1.7613453210357148	-3.3657609537434663	3.0295403113814316
1.7614543259144375	-3.3657609537434663	3.029192913302168
1.7615633307931602	-3.3657609537434663	3.028845368025099
1.7616723356718829	-3.3657609537434663	3.0284976754964887
1.7617813405506055	-3.3657609537434663	3.028149835662621
1.7618903454293282	-3.3657609537434663	3.027801848469693
1.7619993503080509	-3.3657609537434663	3.027453713864009
1.7621083551867736	-3.3657609537434663	3.027105431791785
1.7622173600654962	-3.3657609537434663	3.0267570021993
1.7623263649442191	-3.3657609537434663	3.026408425032802
1.7624353698229416	-3.3657609537434663	3.0260597002385268
1.7625443747016645	-3.3657609537434663	3.025710827762744
1.7626533795803871	-3.3657609537434663	3.025361807551697
1.7627623844591098	-3.3657609537434663	3.0250126395516688
1.7628713893378325	-3.3657609537434663	3.0246633237088574
1.7629803942165552	-3.3657609537434663	3.024313859969567
1.7630893990952778	-3.3657609537434663	3.0239642482800235
1.7631984039740005	-3.3657609537434663	3.0236144885864675
1.7633074088527232	-3.3657609537434663	3.0232645808351784
1.7634164137314459	-3.3657609537434663	3.0229145249724105
1.7635254186101685	-3.3657609537434663	3.02256432094439
1.7636344234888912	-3.3657609537434663	3.0222139686973932
1.7637434283676139	-3.3657609537434663	3.0218634681776777
1.7638524332463366	-3.3657609537434663	3.021512819331477
1.7639614381250592	-3.3657609537434663	3.021162022105049
1.764070443003782	-3.3657609537434663	3.0208110764446587
1.7641794478825046	-3.3657609537434663	3.0204599822965434
1.7642884527612273	-3.3657609537434663	3.020108739606947
1.76439745763995	-3.3657609537434663	3.0197573483221483
1.7645064625186726	-3.3657609537434663	3.0194058083883952
1.7646154673973953	-3.3657609537434663	3.0190541197519316
1.764724472276118	-3.3657609537434663	3.018702282359012
1.7648334771548406	-3.3657609537434663	3.0183502961558943
1.7649424820335633	-3.3657609537434663	3.01799816108883
1.765051486912286	-3.3657609537434663	3.017645877104073
1.7651604917910086	-3.3657609537434663	3.0172934441478603
1.7652694966697313	-3.3657609537434663	3.0169408621664644
1.765378501548454	-3.3657609537434663	3.016588131106129
1.7654875064271767	-3.3657609537434663	3.0162352509131054
1.7655965113058993	-3.3657609537434663	3.015882221533648
1.765705516184622	-3.3657609537434663	3.015529042914018
1.7658145210633447	-3.3657609537434663	3.0151757150004705
1.7659235259420676	-3.3657609537434663	3.0148222377392457
1.76603253082079	-3.3657609537434663	3.0144686110766052
1.766141535699513	-3.3657609537434663	3.0141148349587823
1.7662505405782356	-3.3657609537434663	3.0137609093320634
1.7663595454569583	-3.3657609537434663	3.013406834142689
1.766468550335681	-3.3657609537434663	3.0130526093368886
1.7665775552144036	-3.3657609537434663	3.012698234860931
1.7666865600931263	-3.3657609537434663	3.012343710661078
1.766795564971849	-3.3657609537434663	3.0119890366835733
1.7669045698505716	-3.3657609537434663	3.011634212874668
1.7670135747292943	-3.3657609537434663	3.0112792391806273
1.767122579608017	-3.3657609537434663	3.0109241155477022
1.7672315844867397	-3.3657609537434663	3.010568841922126
1.7673405893654623	-3.3657609537434663	3.0102134182501707
1.767449594244185	-3.3657609537434663	3.0098578444780806
1.7675585991229077	-3.3657609537434663	3.00950212055211
1.7676676040016304	-3.3657609537434663	3.009146246418517
1.767776608880353	-3.3657609537434663	3.008790222023549
1.7678856137590757	-3.3657609537434663	3.0084340473134574
1.7679946186377984	-3.3657609537434663	3.0080777222344928
1.768103623516521	-3.3657609537434663	3.0077212467329346
1.7682126283952437	-3.3657609537434663	3.0073646207549984
1.7683216332739664	-3.3657609537434663	3.0070078442469637
1.768430638152689	-3.3657609537434663	3.006650917155067
1.7685396430314118	-3.3657609537434663	3.006293839425563
1.7686486479101344	-3.3657609537434663	3.005936611004717
1.768757652788857	-3.3657609537434663	3.005579231838759
1.7688666576675798	-3.3657609537434663	3.005221701873964
1.7689756625463025	-3.3657609537434663	3.0048640210565836
1.7690846674250251	-3.3657609537434663	3.004506189332851
1.7691936723037478	-3.3657609537434663	3.004148206649056
1.7693026771824705	-3.3657609537434663	3.003790072951407
1.7694116820611931	-3.3657609537434663	3.0034317881862016
1.769520686939916	-3.3657609537434663	3.0030733522996336
1.7696296918186385	-3.3657609537434663	3.0027147652380215
1.7697386966973614	-3.3657609537434663	3.0023560269475773
1.769847701576084	-3.3657609537434663	3.001997137374552
1.7699567064548067	-3.3657609537434663	3.001638096465232
1.7700657113335294	-3.3657609537434663	3.001278904165833
1.770174716212252	-3.3657609537434663	3.000919560422634
1.7702837210909748	-3.3657609537434663	3.0005600651818725
1.7703927259696974	-3.3657609537434663	3.000200418389813
1.77050173084842	-3.3657609537434663	2.9998406199927032
1.7706107357271428	-3.3657609537434663	2.999480669936787
1.7707197406058655	-3.3657609537434663	2.999120568168337
1.7708287454845881	-3.3657609537434663	2.9987603146335786
1.7709377503633108	-3.3657609537434663	2.9983999092787883
1.7710467552420335	-3.3657609537434663	2.9980393520502204
1.7711557601207562	-3.3657609537434663	2.997678642894101
1.7712647649994788	-3.3657609537434663	2.99731778175671
1.7713737698782015	-3.3657609537434663	2.996956768584287
1.7714827747569242	-3.3657609537434663	2.996595603323094
1.7715917796356468	-3.3657609537434663	2.9962342859193782
1.7717007845143695	-3.3657609537434663	2.9958728163194017
1.7718097893930922	-3.3657609537434663	2.9955111944694046
1.7719187942718149	-3.3657609537434663	2.995149420315631
1.7720277991505375	-3.3657609537434663	2.994787493804349
1.7721368040292602	-3.3657609537434663	2.994425414881821
1.772245808907983	-3.3657609537434663	2.9940631834942835
1.7723548137867056	-3.3657609537434663	2.9937007995879803
1.7724638186654282	-3.3657609537434663	2.9933382631092087
1.772572823544151	-3.3657609537434663	2.992975574004163
1.7726818284228736	-3.3657609537434663	2.9926127322191434
1.7727908333015963	-3.3657609537434663	2.9922497377003694
1.7728998381803192	-3.3657609537434663	2.991886590394113
1.7730088430590416	-3.3657609537434663	2.9915232902466222
1.7731178479377645	-3.3657609537434663	2.9911598372041546
1.773226852816487	-3.3657609537434663	2.9907962312129364
1.7733358576952098	-3.3657609537434663	2.990432472219265
1.7734448625739325	-3.3657609537434663	2.9900685601693624
1.7735538674526552	-3.3657609537434663	2.98970449500948
1.7736628723313779	-3.3657609537434663	2.9893402766859047
1.7737718772101005	-3.3657609537434663	2.9889759051448515
1.7738808820888232	-3.3657609537434663	2.9886113803325784
1.773989886967546	-3.3657609537434663	2.9882467021953687
1.7740988918462686	-3.3657609537434663	2.9878818706794377
1.7742078967249912	-3.3657609537434663	2.9875168857310506
1.774316901603714	-3.3657609537434663	2.9871517472964726
1.7744259064824366	-3.3657609537434663	2.9867864553219405
1.7745349113611593	-3.3657609537434663	2.9864210097537125
1.774643916239882	-3.3657609537434663	2.98605541053805
1.7747529211186046	-3.3657609537434663	2.9856896576211973
1.7748619259973273	-3.3657609537434663	2.9853237509494193
1.77497093087605	-3.3657609537434663	2.9849576904689528
1.7750799357547726	-3.3657609537434663	2.9845914761260524
1.7751889406334953	-3.3657609537434663	2.9842251078669726
1.775297945512218	-3.3657609537434663	2.983858585637961
1.7754069503909407	-3.3657609537434663	2.9834919093852896
1.7755159552696633	-3.3657609537434663	2.983125079055199
1.775624960148386	-3.3657609537434663	2.9827580945939474
1.7757339650271087	-3.3657609537434663	2.982390955947782
1.7758429699058313	-3.3657609537434663	2.9820236630629537
1.775951974784554	-3.3657609537434663	2.9816562158857245
1.7760609796632767	-3.3657609537434663	2.9812886143623416
1.7761699845419994	-3.3657609537434663	2.9809208584390525
1.776278989420722	-3.3657609537434663	2.980552948062112
1.7763879942994447	-3.3657609537434663	2.980184883177781
1.7764969991781676	-3.3657609537434663	2.9798166637323042
1.77660600405689	-3.3657609537434663	2.979448289671943
1.776715008935613	-3.3657609537434663	2.9790797609429447
1.7768240138143354	-3.3657609537434663	2.9787110774915675
1.7769330186930583	-3.3657609537434663	2.978342239264048
1.777042023571781	-3.3657609537434663	2.9779732462066626
1.7771510284505037	-3.3657609537434663	2.9776040982656475
1.7772600333292263	-3.3657609537434663	2.9772347953872718
1.777369038207949	-3.3657609537434663	2.976865337517758
1.7774780430866717	-3.3657609537434663	2.9764957246033887
1.7775870479653944	-3.3657609537434663	2.9761259565904012
1.777696052844117	-3.3657609537434663	2.97575603342505
1.7778050577228397	-3.3657609537434663	2.9753859550536
1.7779140626015624	-3.3657609537434663	2.9750157214222916
1.778023067480285	-3.3657609537434663	2.9746453324773903
1.7781320723590077	-3.3657609537434663	2.974274788165136
1.7782410772377304	-3.3657609537434663	2.9739040884317802
1.778350082116453	-3.3657609537434663	2.973533233223595
1.7784590869951757	-3.3657609537434663	2.973162222486799
1.7785680918738984	-3.3657609537434663	2.972791056167676
1.778677096752621	-3.3657609537434663	2.9724197342124654
1.7787861016313438	-3.3657609537434663	2.9720482565674295
1.7788951065100664	-3.3657609537434663	2.9716766231788014
1.7790041113887891	-3.3657609537434663	2.9713048339928676
1.7791131162675118	-3.3657609537434663	2.9709328889558577
1.7792221211462345	-3.3657609537434663	2.970560788014023
1.7793311260249571	-3.3657609537434663	2.970188531113621
1.7794401309036798	-3.3657609537434663	2.96981611820091
1.7795491357824025	-3.3657609537434663	2.969443549222124
1.7796581406611252	-3.3657609537434663	2.969070824123534
1.7797671455398478	-3.3657609537434663	2.968697942851403
1.7798761504185705	-3.3657609537434663	2.968324905351949
1.7799851552972932	-3.3657609537434663	2.9679517115714553
1.780094160176016	-3.3657609537434663	2.9675783614561695
1.7802031650547385	-3.3657609537434663	2.967204854952346
1.7803121699334614	-3.3657609537434663	2.966831192006218
1.7804211748121839	-3.3657609537434663	2.966457372564065
1.7805301796909068	-3.3657609537434663	2.9660833965721203
1.7806391845696294	-3.3657609537434663	2.965709263976631
1.7807481894483521	-3.3657609537434663	2.9653349747238806
1.7808571943270748	-3.3657609537434663	2.9649605287600878
1.7809661992057975	-3.3657609537434663	2.964585926031532
1.7810752040845201	-3.3657609537434663	2.96421116648445
1.7811842089632428	-3.3657609537434663	2.9638362500650963
1.7812932138419655	-3.3657609537434663	2.9634611767197363
1.7814022187206882	-3.3657609537434663	2.9630859463946244
1.7815112235994108	-3.3657609537434663	2.962710559035987
1.7816202284781335	-3.3657609537434663	2.9623350145900993
1.7817292333568562	-3.3657609537434663	2.961959313003206
1.7818382382355789	-3.3657609537434663	2.961583454221561
1.7819472431143015	-3.3657609537434663	2.9612074381914226
1.7820562479930242	-3.3657609537434663	2.9608312648590385
1.7821652528717469	-3.3657609537434663	2.9604549341706594
1.7822742577504695	-3.3657609537434663	2.960078446072547
1.7823832626291922	-3.3657609537434663	2.9597018005109454
1.782492267507915	-3.3657609537434663	2.959324997432109
1.7826012723866376	-3.3657609537434663	2.9589480367823136
1.7827102772653602	-3.3657609537434663	2.9585709185077604
1.782819282144083	-3.3657609537434663	2.9581936425547433
1.7829282870228056	-3.3657609537434663	2.9578162088695095
1.7830372919015283	-3.3657609537434663	2.957438617398296
1.783146296780251	-3.3657609537434663	2.957060868087371
1.7832553016589736	-3.3657609537434663	2.9566829608829934
1.7833643065376963	-3.3657609537434663	2.956304895731403
1.783473311416419	-3.3657609537434663	2.955926672578851
1.7835823162951416	-3.3657609537434663	2.9555482913715885
1.7836913211738645	-3.3657609537434663	2.955169752055884
1.783800326052587	-3.3657609537434663	2.954791054577992
1.7839093309313099	-3.3657609537434663	2.9544121988841354
1.7840183358100326	-3.3657609537434663	2.954033184920597
1.7841273406887552	-3.3657609537434663	2.953654012633617
1.784236345567478	-3.3657609537434663	2.953274681969443
1.7843453504462006	-3.3657609537434663	2.952895192874333
1.7844543553249232	-3.3657609537434663	2.952515545294549
1.784563360203646	-3.3657609537434663	2.9521357391763345
1.7846723650823686	-3.3657609537434663	2.951755774465955
1.7847813699610913	-3.3657609537434663	2.9513756511096467
1.784890374839814	-3.3657609537434663	2.950995369053679
1.7849993797185366	-3.3657609537434663	2.950614928244274
1.7851083845972593	-3.3657609537434663	2.950234328627719
1.785217389475982	-3.3657609537434663	2.9498535701502497
1.7853263943547046	-3.3657609537434663	2.9494726527581143
1.7854353992334273	-3.3657609537434663	2.9490915763975742
1.78554440411215	-3.3657609537434663	2.9487103410148876
1.7856534089908727	-3.3657609537434663	2.9483289465563125
1.7857624138695953	-3.3657609537434663	2.9479473929680857
1.785871418748318	-3.3657609537434663	2.947565680196462
1.7859804236270407	-3.3657609537434663	2.9471838081877095
1.7860894285057634	-3.3657609537434663	2.946801776888048
1.786198433384486	-3.3657609537434663	2.9464195862437634
1.7863074382632087	-3.3657609537434663	2.946037236201093
1.7864164431419314	-3.3657609537434663	2.9456547267062874
1.786525448020654	-3.3657609537434663	2.945272057705619
1.7866344528993767	-3.3657609537434663	2.9448892291453177
1.7867434577780994	-3.3657609537434663	2.944506240971659
1.786852462656822	-3.3657609537434663	2.9441230931308766
1.7869614675355447	-3.3657609537434663	2.9437397855692424
1.7870704724142674	-3.3657609537434663	2.9433563182329756
1.78717947729299	-3.3657609537434663	2.9429726910683485
1.787288482171713	-3.3657609537434663	2.9425889040216333
1.7873974870504354	-3.3657609537434663	2.942204957039042
1.7875064919291583	-3.3657609537434663	2.941820850066879
1.787615496807881	-3.3657609537434663	2.941436583051342
1.7877245016866037	-3.3657609537434663	2.941052155938717
1.7878335065653264	-3.3657609537434663	2.940667568675263
1.787942511444049	-3.3657609537434663	2.94028282120723
1.7880515163227717	-3.3657609537434663	2.9398979134808414
1.7881605212014944	-3.3657609537434663	2.939512845442369
1.788269526080217	-3.3657609537434663	2.9391276170380856
1.7883785309589397	-3.3657609537434663	2.9387422282142097
1.7884875358376624	-3.3657609537434663	2.938356678917007
1.788596540716385	-3.3657609537434663	2.937970969092742
1.7887055455951077	-3.3657609537434663	2.9375850986876415
1.7888145504738304	-3.3657609537434663	2.937199067647999
1.788923555352553	-3.3657609537434663	2.9368128759200225
1.7890325602312758	-3.3657609537434663	2.936426523450013
1.7891415651099984	-3.3657609537434663	2.9360400101841755
1.7892505699887211	-3.3657609537434663	2.9356533360688104
1.7893595748674438	-3.3657609537434663	2.935266501050126
1.7894685797461665	-3.3657609537434663	2.934879505074388
1.7895775846248891	-3.3657609537434663	2.934492348087854
1.7896865895036118	-3.3657609537434663	2.9341050300367826
1.7897955943823345	-3.3657609537434663	2.9337175508674207
1.7899045992610572	-3.3657609537434663	2.9333299105260195
1.7900136041397798	-3.3657609537434663	2.932942108958855
1.7901226090185025	-3.3657609537434663	2.9325541461121425
1.7902316138972252	-3.3657609537434663	2.9321660219321615
1.7903406187759479	-3.3657609537434663	2.9317777363651523
1.7904496236546705	-3.3657609537434663	2.931389289357366
1.7905586285333932	-3.3657609537434663	2.931000680855057
1.790667633412116	-3.3657609537434663	2.930611910804487
1.7907766382908386	-3.3657609537434663	2.9302229791518926
1.7908856431695614	-3.3657609537434663	2.929833885843557
1.790994648048284	-3.3657609537434663	2.9294446308256994
1.7911036529270068	-3.3657609537434663	2.929055214044606
1.7912126578057295	-3.3657609537434663	2.928665635446496
1.7913216626844521	-3.3657609537434663	2.928275894977645
1.7914306675631748	-3.3657609537434663	2.9278859925842937
1.7915396724418975	-3.3657609537434663	2.927495928212707
1.7916486773206202	-3.3657609537434663	2.927105701809115
1.7917576821993428	-3.3657609537434663	2.9267153133197965
1.7918666870780655	-3.3657609537434663	2.9263247626909887
1.7919756919567882	-3.3657609537434663	2.9259340498689426
1.7920846968355109	-3.3657609537434663	2.9255431747999303
1.7921937017142335	-3.3657609537434663	2.9251521374301888
1.7923027065929562	-3.3657609537434663	2.9247609377059796
1.7924117114716789	-3.3657609537434663	2.92436957557355
1.7925207163504016	-3.3657609537434663	2.923978050979148
1.7926297212291242	-3.3657609537434663	2.9235863638690383
